a,b,c,d,e,f,g,h,i,j,k,l,m,n,o,p,q,r,s,t,u,v,w,x,y,z   number
0,0,0,0,1,0,0,0,0,0,0,0,0,1,1,0,0,0,0,0,0,0,0,0,0,0   1
0,0,0,0,0,0,0,0,0,0,0,0,0,0,1,0,0,0,0,1,0,0,1,0,0,0   2
0,0,0,0,2,0,0,1,0,0,0,0,0,0,0,0,0,1,0,1,0,0,0,0,0,0   3
0,0,0,0,0,1,0,0,0,0,0,0,0,0,1,0,0,1,0,0,1,0,0,0,0,0   4
0,0,0,0,1,1,0,0,1,0,0,0,0,0,0,0,0,0,0,0,0,1,0,0,0,0   5
0,0,0,0,0,0,0,0,1,0,0,0,0,0,0,0,0,0,1,0,0,0,0,1,0,0   6
0,0,0,0,2,0,0,0,0,0,0,0,0,1,0,0,0,0,1,0,0,1,0,0,0,0   7
0,0,0,0,1,0,1,1,1,0,0,0,0,0,0,0,0,0,0,1,0,0,0,0,0,0   8
0,0,0,0,1,0,0,0,1,0,0,0,0,2,0,0,0,0,0,0,0,0,0,0,0,0   9
0,0,0,0,1,0,0,0,0,0,0,0,0,1,0,0,0,0,0,1,0,0,0,0,0,0   10
0,0,0,0,3,0,0,0,0,0,0,1,0,1,0,0,0,0,0,0,0,1,0,0,0,0   11
0,0,0,0,2,0,0,0,0,0,0,1,0,0,0,0,0,0,0,1,0,1,1,0,0,0   12
0,0,0,0,2,0,0,1,1,0,0,0,0,1,0,0,0,1,0,2,0,0,0,0,0,0   13
0,0,0,0,2,1,0,0,0,0,0,0,0,1,1,0,0,1,0,1,1,0,0,0,0,0   14
0,0,0,0,2,2,0,0,1,0,0,0,0,1,0,0,0,0,0,1,0,0,0,0,0,0   15
0,0,0,0,2,0,0,0,1,0,0,0,0,1,0,0,0,0,1,1,0,0,0,1,0,0   16
0,0,0,0,4,0,0,0,0,0,0,0,0,2,0,0,0,0,1,1,0,1,0,0,0,0   17
0,0,0,0,3,0,1,1,1,0,0,0,0,1,0,0,0,0,0,1,0,0,0,0,0,0   18
0,0,0,0,3,0,0,0,1,0,0,0,0,3,0,0,0,0,0,1,0,0,0,0,0,0   19
0,0,0,0,1,0,0,0,0,0,0,0,0,1,0,0,0,0,0,2,0,0,1,0,1,0   20
0,0,0,0,0,0,0,1,1,0,0,0,0,0,0,0,0,1,0,2,0,0,0,0,1,0   30
0,0,0,0,0,1,0,0,0,0,0,0,0,0,1,0,0,1,0,1,0,0,0,0,1,0   40
0,0,0,0,0,2,0,0,1,0,0,0,0,0,0,0,0,0,0,1,0,0,0,0,1,0   50  
0,0,0,0,0,0,0,0,1,0,0,0,0,0,0,0,0,0,1,1,0,0,0,1,1,0   60
0,0,0,0,2,0,0,0,0,0,0,0,0,1,0,0,0,0,1,1,0,1,0,0,1,0   70
0,0,0,0,1,0,1,1,1,0,0,0,0,0,0,0,0,0,0,1,0,0,0,0,1,0   80
0,0,0,0,1,0,0,0,1,0,0,0,0,2,0,0,0,0,0,1,0,0,0,0,1,0   90
0,0,0,2,2,0,0,1,0,0,0,0,0,2,1,0,0,1,0,0,1,0,0,0,0,0   100
1,0,0,1,0,0,0,1,0,0,0,0,0,1,1,0,0,0,1,1,1,0,0,0,0,0   1000
0,0,0,0,0,0,0,0,2,0,0,2,1,1,1,0,0,0,0,0,0,0,0,0,0,0   1000000
0,1,0,0,0,0,0,0,2,0,0,2,0,1,1,0,0,0,0,0,0,0,0,0,0,0   1000000000

raw:

0,0,0,0,1,0,0,0,0,0,0,0,0,1,1,0,0,0,0,0,0,0,0,0,0,0
0,0,0,0,0,0,0,0,0,0,0,0,0,0,1,0,0,0,0,1,0,0,1,0,0,0
0,0,0,0,2,0,0,1,0,0,0,0,0,0,0,0,0,1,0,1,0,0,0,0,0,0
0,0,0,0,0,1,0,0,0,0,0,0,0,0,1,0,0,1,0,0,1,0,0,0,0,0
0,0,0,0,1,1,0,0,1,0,0,0,0,0,0,0,0,0,0,0,0,1,0,0,0,0
0,0,0,0,0,0,0,0,1,0,0,0,0,0,0,0,0,0,1,0,0,0,0,1,0,0
0,0,0,0,2,0,0,0,0,0,0,0,0,1,0,0,0,0,1,0,0,1,0,0,0,0
0,0,0,0,1,0,1,1,1,0,0,0,0,0,0,0,0,0,0,1,0,0,0,0,0,0
0,0,0,0,1,0,0,0,1,0,0,0,0,2,0,0,0,0,0,0,0,0,0,0,0,0
0,0,0,0,1,0,0,0,0,0,0,0,0,1,0,0,0,0,0,1,0,0,0,0,0,0
0,0,0,0,3,0,0,0,0,0,0,1,0,1,0,0,0,0,0,0,0,1,0,0,0,0
0,0,0,0,2,0,0,0,0,0,0,1,0,0,0,0,0,0,0,1,0,1,1,0,0,0
0,0,0,0,2,0,0,1,1,0,0,0,0,1,0,0,0,1,0,2,0,0,0,0,0,0
0,0,0,0,2,1,0,0,0,0,0,0,0,1,1,0,0,1,0,1,1,0,0,0,0,0
0,0,0,0,2,2,0,0,1,0,0,0,0,1,0,0,0,0,0,1,0,0,0,0,0,0
0,0,0,0,2,0,0,0,1,0,0,0,0,1,0,0,0,0,1,1,0,0,0,1,0,0
0,0,0,0,4,0,0,0,0,0,0,0,0,2,0,0,0,0,1,1,0,1,0,0,0,0
0,0,0,0,3,0,1,1,1,0,0,0,0,1,0,0,0,0,0,1,0,0,0,0,0,0
0,0,0,0,3,0,0,0,1,0,0,0,0,3,0,0,0,0,0,1,0,0,0,0,0,0
0,0,0,0,1,0,0,0,0,0,0,0,0,1,0,0,0,0,0,2,0,0,1,0,1,0
0,0,0,0,0,0,0,1,1,0,0,0,0,0,0,0,0,1,0,2,0,0,0,0,1,0
0,0,0,0,0,1,0,0,0,0,0,0,0,0,1,0,0,1,0,1,0,0,0,0,1,0
0,0,0,0,0,2,0,0,1,0,0,0,0,0,0,0,0,0,0,1,0,0,0,0,1,0
0,0,0,0,0,0,0,0,1,0,0,0,0,0,0,0,0,0,1,1,0,0,0,1,1,0
0,0,0,0,2,0,0,0,0,0,0,0,0,1,0,0,0,0,1,1,0,1,0,0,1,0
0,0,0,0,1,0,1,1,1,0,0,0,0,0,0,0,0,0,0,1,0,0,0,0,1,0
0,0,0,0,1,0,0,0,1,0,0,0,0,2,0,0,0,0,0,1,0,0,0,0,1,0
0,0,0,2,2,0,0,1,0,0,0,0,0,2,1,0,0,1,0,0,1,0,0,0,0,0
1,0,0,1,0,0,0,1,0,0,0,0,0,1,1,0,0,0,1,1,1,0,0,0,0,0
0,0,0,0,0,0,0,0,2,0,0,2,1,1,1,0,0,0,0,0,0,0,0,0,0,0
0,1,0,0,0,0,0,0,2,0,0,2,0,1,1,0,0,0,0,0,0,0,0,0,0,0
