67, 76
69, 96
76, 67
79, 97
96, 69
97, 79
102, 201
103, 301
104, 401
105, 501
106, 601
107, 701
108, 801
109, 901
112, 211
122, 221
123, 321
124, 421
125, 521
126, 621
127, 721
128, 821
129, 921
132, 231
133, 331
134, 431
135, 531
136, 631
137, 731
138, 831
139, 931
142, 241
143, 341
144, 441
145, 541
146, 641
147, 741
148, 841
149, 941
152, 251
153, 351
154, 451
155, 551
156, 651
157, 751
158, 851
159, 951
162, 261
163, 361
164, 461
165, 561
166, 661
167, 176
167, 671
167, 761
168, 861
169, 196
169, 691
169, 961
172, 271
173, 371
174, 471
175, 571
176, 167
176, 671
176, 761
177, 771
178, 871
179, 197
179, 791
179, 971
182, 281
183, 381
184, 481
185, 581
186, 681
187, 781
188, 881
189, 981
192, 291
193, 391
194, 491
195, 591
196, 169
196, 691
196, 961
197, 179
197, 791
197, 971
198, 891
199, 991
201, 102
203, 302
204, 402
205, 502
206, 602
207, 702
208, 802
209, 902
211, 112
221, 122
223, 322
224, 422
225, 522
226, 622
227, 722
228, 822
229, 922
231, 132
233, 332
234, 432
235, 532
236, 632
237, 732
238, 832
239, 932
241, 142
243, 342
244, 442
245, 542
246, 642
247, 742
248, 842
249, 942
251, 152
253, 352
254, 452
255, 552
256, 652
257, 752
258, 852
259, 952
261, 162
263, 362
264, 462
265, 562
266, 662
267, 276
267, 672
267, 762
268, 862
269, 296
269, 692
269, 962
271, 172
273, 372
274, 472
275, 572
276, 267
276, 672
276, 762
277, 772
278, 872
279, 297
279, 792
279, 972
281, 182
283, 382
284, 482
285, 582
286, 682
287, 782
288, 882
289, 982
291, 192
293, 392
294, 492
295, 592
296, 269
296, 692
296, 962
297, 279
297, 792
297, 972
298, 892
299, 992
301, 103
302, 203
304, 403
305, 503
306, 603
307, 703
308, 803
309, 903
321, 123
322, 223
324, 423
325, 523
326, 623
327, 723
328, 823
329, 923
331, 133
332, 233
334, 433
335, 533
336, 633
337, 733
338, 833
339, 933
341, 143
342, 243
344, 443
345, 543
346, 643
347, 743
348, 843
349, 943
351, 153
352, 253
354, 453
355, 553
356, 653
357, 753
358, 853
359, 953
361, 163
362, 263
364, 463
365, 563
366, 663
367, 376
367, 673
367, 763
368, 863
369, 396
369, 693
369, 963
371, 173
372, 273
374, 473
375, 573
376, 367
376, 673
376, 763
377, 773
378, 873
379, 397
379, 793
379, 973
381, 183
382, 283
384, 483
385, 583
386, 683
387, 783
388, 883
389, 983
391, 193
392, 293
394, 493
395, 593
396, 369
396, 693
396, 963
397, 379
397, 793
397, 973
398, 893
399, 993
401, 104
402, 204
403, 304
405, 504
406, 604
407, 704
408, 804
409, 904
416, 614
417, 714
419, 914
421, 124
422, 224
423, 324
425, 524
426, 624
427, 724
428, 824
429, 924
431, 134
432, 234
433, 334
435, 534
436, 634
437, 734
438, 834
439, 934
441, 144
442, 244
443, 344
445, 544
446, 644
447, 744
448, 844
449, 944
451, 154
452, 254
453, 354
455, 554
456, 654
457, 754
458, 854
459, 954
461, 164
462, 264
463, 364
465, 564
466, 664
467, 476
467, 674
467, 764
468, 864
469, 496
469, 694
469, 964
471, 174
472, 274
473, 374
475, 574
476, 467
476, 674
476, 764
477, 774
478, 874
479, 497
479, 794
479, 974
481, 184
482, 284
483, 384
485, 584
486, 684
487, 784
488, 884
489, 984
491, 194
492, 294
493, 394
495, 594
496, 469
496, 694
496, 964
497, 479
497, 794
497, 974
498, 894
499, 994
501, 105
502, 205
503, 305
504, 405
506, 605
507, 705
508, 805
509, 905
521, 125
522, 225
523, 325
524, 425
526, 625
527, 725
528, 825
529, 925
531, 135
532, 235
533, 335
534, 435
536, 635
537, 735
538, 835
539, 935
541, 145
542, 245
543, 345
544, 445
546, 645
547, 745
548, 845
549, 945
551, 155
552, 255
553, 355
554, 455
556, 655
557, 755
558, 855
559, 955
561, 165
562, 265
563, 365
564, 465
566, 665
567, 576
567, 675
567, 765
568, 865
569, 596
569, 695
569, 965
571, 175
572, 275
573, 375
574, 475
576, 567
576, 675
576, 765
577, 775
578, 875
579, 597
579, 795
579, 975
581, 185
582, 285
583, 385
584, 485
586, 685
587, 785
588, 885
589, 985
591, 195
592, 295
593, 395
594, 495
596, 569
596, 695
596, 965
597, 579
597, 795
597, 975
598, 895
599, 995
601, 106
602, 206
603, 306
604, 406
605, 506
607, 706
608, 806
609, 906
614, 416
617, 716
619, 916
621, 126
622, 226
623, 326
624, 426
625, 526
627, 726
628, 826
629, 926
631, 136
632, 236
633, 336
634, 436
635, 536
637, 736
638, 836
639, 936
641, 146
642, 246
643, 346
644, 446
645, 546
647, 746
648, 846
649, 946
651, 156
652, 256
653, 356
654, 456
655, 556
657, 756
658, 856
659, 956
661, 166
662, 266
663, 366
664, 466
665, 566
667, 676
667, 766
668, 866
669, 696
669, 966
670, 760
671, 167
671, 176
671, 761
672, 267
672, 276
672, 762
673, 367
673, 376
673, 763
674, 467
674, 476
674, 764
675, 567
675, 576
675, 765
676, 667
676, 766
677, 767
677, 776
678, 768
678, 867
678, 876
679, 697
679, 769
679, 796
679, 967
679, 976
681, 186
682, 286
683, 386
684, 486
685, 586
687, 786
688, 886
689, 986
690, 960
691, 169
691, 196
691, 961
692, 269
692, 296
692, 962
693, 369
693, 396
693, 963
694, 469
694, 496
694, 964
695, 569
695, 596
695, 965
696, 669
696, 966
697, 679
697, 769
697, 796
697, 967
697, 976
698, 869
698, 896
698, 968
699, 969
699, 996
701, 107
702, 207
703, 307
704, 407
705, 507
706, 607
708, 807
709, 907
714, 417
716, 617
719, 917
721, 127
722, 227
723, 327
724, 427
725, 527
726, 627
728, 827
729, 927
731, 137
732, 237
733, 337
734, 437
735, 537
736, 637
738, 837
739, 937
741, 147
742, 247
743, 347
744, 447
745, 547
746, 647
748, 847
749, 947
751, 157
752, 257
753, 357
754, 457
755, 557
756, 657
758, 857
759, 957
760, 670
761, 167
761, 176
761, 671
762, 267
762, 276
762, 672
763, 367
763, 376
763, 673
764, 467
764, 476
764, 674
765, 567
765, 576
765, 675
766, 667
766, 676
767, 677
767, 776
768, 678
768, 867
768, 876
769, 679
769, 697
769, 796
769, 967
769, 976
771, 177
772, 277
773, 377
774, 477
775, 577
776, 677
776, 767
778, 877
779, 797
779, 977
781, 187
782, 287
783, 387
784, 487
785, 587
786, 687
788, 887
789, 987
790, 970
791, 179
791, 197
791, 971
792, 279
792, 297
792, 972
793, 379
793, 397
793, 973
794, 479
794, 497
794, 974
795, 579
795, 597
795, 975
796, 679
796, 697
796, 769
796, 967
796, 976
797, 779
797, 977
798, 879
798, 897
798, 978
799, 979
799, 997
801, 108
802, 208
803, 308
804, 408
805, 508
806, 608
807, 708
809, 908
821, 128
822, 228
823, 328
824, 428
825, 528
826, 628
827, 728
829, 928
831, 138
832, 238
833, 338
834, 438
835, 538
836, 638
837, 738
839, 938
841, 148
842, 248
843, 348
844, 448
845, 548
846, 648
847, 748
849, 948
851, 158
852, 258
853, 358
854, 458
855, 558
856, 658
857, 758
859, 958
861, 168
862, 268
863, 368
864, 468
865, 568
866, 668
867, 678
867, 768
867, 876
869, 698
869, 896
869, 968
871, 178
872, 278
873, 378
874, 478
875, 578
876, 678
876, 768
876, 867
877, 778
879, 798
879, 897
879, 978
881, 188
882, 288
883, 388
884, 488
885, 588
886, 688
887, 788
889, 988
891, 198
892, 298
893, 398
894, 498
895, 598
896, 698
896, 869
896, 968
897, 798
897, 879
897, 978
899, 998
901, 109
902, 209
903, 309
904, 409
905, 509
906, 609
907, 709
908, 809
914, 419
916, 619
917, 719
921, 129
922, 229
923, 329
924, 429
925, 529
926, 629
927, 729
928, 829
931, 139
932, 239
933, 339
934, 439
935, 539
936, 639
937, 739
938, 839
941, 149
942, 249
943, 349
944, 449
945, 549
946, 649
947, 749
948, 849
951, 159
952, 259
953, 359
954, 459
955, 559
956, 659
957, 759
958, 859
960, 690
961, 169
961, 196
961, 691
962, 269
962, 296
962, 692
963, 369
963, 396
963, 693
964, 469
964, 496
964, 694
965, 569
965, 596
965, 695
966, 669
966, 696
967, 679
967, 697
967, 769
967, 796
967, 976
968, 698
968, 869
968, 896
969, 699
969, 996
970, 790
971, 179
971, 197
971, 791
972, 279
972, 297
972, 792
973, 379
973, 397
973, 793
974, 479
974, 497
974, 794
975, 579
975, 597
975, 795
976, 679
976, 697
976, 769
976, 796
976, 967
977, 779
977, 797
978, 798
978, 879
978, 897
979, 799
979, 997
981, 189
982, 289
983, 389
984, 489
985, 589
986, 689
987, 789
988, 889
991, 199
992, 299
993, 399
994, 499
995, 599
996, 699
996, 969
997, 799
997, 979
998, 899
1002, 2001
1003, 3001
1004, 4001
1012, 2011
1022, 2021
1023, 3021
1024, 4021
1032, 2031
1033, 3031
1034, 4031
1042, 2041
1043, 3041
1044, 4041
1052, 2051
1053, 3051
1054, 4051
1062, 2061
1063, 3061
1064, 4061
1067, 1076
1069, 1096
1072, 2071
1073, 3071
1074, 4071
1076, 1067
1079, 1097
1082, 2081
1083, 3081
1084, 4081
1092, 2091
1093, 3091
1094, 4091
1096, 1069
1097, 1079
1102, 1201
1102, 2101
1103, 1301
1103, 3101
1104, 1401
1104, 4101
1105, 1501
1106, 1601
1107, 1701
1108, 1801
1109, 1901
1112, 1211
1112, 2111
1122, 1221
1122, 2121
1123, 1321
1123, 3121
1124, 1421
1124, 4121
1125, 1521
1126, 1621
1127, 1721
1128, 1821
1129, 1921
1132, 1231
1132, 2131
1133, 1331
1133, 3131
1134, 1431
1134, 4131
1135, 1531
1136, 1631
1137, 1731
1138, 1831
1139, 1931
1142, 1241
1142, 2141
1143, 1341
1143, 3141
1144, 1441
1144, 4141
1145, 1541
1146, 1641
1147, 1741
1148, 1841
1149, 1941
1152, 1251
1152, 2151
1153, 1351
1153, 3151
1154, 1451
1154, 4151
1155, 1551
1156, 1651
1157, 1751
1158, 1851
1159, 1951
1162, 1261
1162, 2161
1163, 1361
1163, 3161
1164, 1461
1164, 4161
1165, 1561
1166, 1661
1167, 1176
1167, 1671
1167, 1761
1168, 1861
1169, 1196
1169, 1691
1169, 1961
1172, 1271
1172, 2171
1173, 1371
1173, 3171
1174, 1471
1174, 4171
1175, 1571
1176, 1167
1176, 1671
1176, 1761
1177, 1771
1178, 1871
1179, 1197
1179, 1791
1179, 1971
1182, 1281
1182, 2181
1183, 1381
1183, 3181
1184, 1481
1184, 4181
1185, 1581
1186, 1681
1187, 1781
1188, 1881
1189, 1981
1192, 1291
1192, 2191
1193, 1391
1193, 3191
1194, 1491
1194, 4191
1195, 1591
1196, 1169
1196, 1691
1196, 1961
1197, 1179
1197, 1791
1197, 1971
1198, 1891
1199, 1991
1200, 2100
1201, 1102
1201, 2101
1202, 2102
1202, 2201
1203, 1302
1203, 2103
1203, 2301
1203, 3102
1203, 3201
1204, 1402
1204, 2104
1204, 2401
1204, 4102
1204, 4201
1205, 1502
1205, 2105
1205, 2501
1206, 1602
1206, 2106
1206, 2601
1207, 1702
1207, 2107
1207, 2701
1208, 1802
1208, 2108
1208, 2801
1209, 1902
1209, 2109
1209, 2901
1210, 2110
1211, 1112
1211, 2111
1212, 2112
1212, 2211
1213, 2113
1214, 2114
1215, 2115
1216, 2116
1217, 2117
1218, 2118
1219, 2119
1220, 2120
1221, 1122
1221, 2121
1222, 2122
1222, 2221
1223, 1322
1223, 2123
1223, 2321
1223, 3122
1223, 3221
1224, 1422
1224, 2124
1224, 2421
1224, 4122
1224, 4221
1225, 1522
1225, 2125
1225, 2521
1226, 1622
1226, 2126
1226, 2621
1227, 1722
1227, 2127
1227, 2721
1228, 1822
1228, 2128
1228, 2821
1229, 1922
1229, 2129
1229, 2921
1230, 2130
1231, 1132
1231, 2131
1232, 2132
1232, 2231
1233, 1332
1233, 2133
1233, 2331
1233, 3132
1233, 3231
1234, 1432
1234, 2134
1234, 2431
1234, 4132
1234, 4231
1235, 1532
1235, 2135
1235, 2531
1236, 1632
1236, 2136
1236, 2631
1237, 1732
1237, 2137
1237, 2731
1238, 1832
1238, 2138
1238, 2831
1239, 1932
1239, 2139
1239, 2931
1240, 2140
1241, 1142
1241, 2141
1242, 2142
1242, 2241
1243, 1342
1243, 2143
1243, 2341
1243, 3142
1243, 3241
1244, 1442
1244, 2144
1244, 2441
1244, 4142
1244, 4241
1245, 1542
1245, 2145
1245, 2541
1246, 1642
1246, 2146
1246, 2641
1247, 1742
1247, 2147
1247, 2741
1248, 1842
1248, 2148
1248, 2841
1249, 1942
1249, 2149
1249, 2941
1250, 2150
1251, 1152
1251, 2151
1252, 2152
1252, 2251
1253, 1352
1253, 2153
1253, 2351
1253, 3152
1253, 3251
1254, 1452
1254, 2154
1254, 2451
1254, 4152
1254, 4251
1255, 1552
1255, 2155
1255, 2551
1256, 1652
1256, 2156
1256, 2651
1257, 1752
1257, 2157
1257, 2751
1258, 1852
1258, 2158
1258, 2851
1259, 1952
1259, 2159
1259, 2951
1260, 2160
1261, 1162
1261, 2161
1262, 2162
1262, 2261
1263, 1362
1263, 2163
1263, 2361
1263, 3162
1263, 3261
1264, 1462
1264, 2164
1264, 2461
1264, 4162
1264, 4261
1265, 1562
1265, 2165
1265, 2561
1266, 1662
1266, 2166
1266, 2661
1267, 1276
1267, 1672
1267, 1762
1267, 2167
1267, 2176
1267, 2671
1267, 2761
1268, 1862
1268, 2168
1268, 2861
1269, 1296
1269, 1692
1269, 1962
1269, 2169
1269, 2196
1269, 2691
1269, 2961
1270, 2170
1271, 1172
1271, 2171
1272, 2172
1272, 2271
1273, 1372
1273, 2173
1273, 2371
1273, 3172
1273, 3271
1274, 1472
1274, 2174
1274, 2471
1274, 4172
1274, 4271
1275, 1572
1275, 2175
1275, 2571
1276, 1267
1276, 1672
1276, 1762
1276, 2167
1276, 2176
1276, 2671
1276, 2761
1277, 1772
1277, 2177
1277, 2771
1278, 1872
1278, 2178
1278, 2871
1279, 1297
1279, 1792
1279, 1972
1279, 2179
1279, 2197
1279, 2791
1279, 2971
1280, 2180
1281, 1182
1281, 2181
1282, 2182
1282, 2281
1283, 1382
1283, 2183
1283, 2381
1283, 3182
1283, 3281
1284, 1482
1284, 2184
1284, 2481
1284, 4182
1284, 4281
1285, 1582
1285, 2185
1285, 2581
1286, 1682
1286, 2186
1286, 2681
1287, 1782
1287, 2187
1287, 2781
1288, 1882
1288, 2188
1288, 2881
1289, 1982
1289, 2189
1289, 2981
1290, 2190
1291, 1192
1291, 2191
1292, 2192
1292, 2291
1293, 1392
1293, 2193
1293, 2391
1293, 3192
1293, 3291
1294, 1492
1294, 2194
1294, 2491
1294, 4192
1294, 4291
1295, 1592
1295, 2195
1295, 2591
1296, 1269
1296, 1692
1296, 1962
1296, 2169
1296, 2196
1296, 2691
1296, 2961
1297, 1279
1297, 1792
1297, 1972
1297, 2179
1297, 2197
1297, 2791
1297, 2971
1298, 1892
1298, 2198
1298, 2891
1299, 1992
1299, 2199
1299, 2991
1300, 3100
1301, 1103
1301, 3101
1302, 1203
1302, 2103
1302, 2301
1302, 3102
1302, 3201
1303, 3103
1303, 3301
1304, 1403
1304, 3104
1304, 3401
1304, 4103
1304, 4301
1305, 1503
1305, 3105
1305, 3501
1306, 1603
1306, 3106
1306, 3601
1307, 1703
1307, 3107
1307, 3701
1308, 1803
1308, 3108
1308, 3801
1309, 1903
1309, 3109
1309, 3901
1310, 3110
1311, 3111
1312, 2311
1312, 3112
1312, 3211
1313, 3113
1314, 3114
1315, 3115
1316, 3116
1317, 3117
1318, 3118
1319, 3119
1320, 3120
1321, 1123
1321, 3121
1322, 1223
1322, 2123
1322, 2321
1322, 3122
1322, 3221
1323, 3123
1323, 3321
1324, 1423
1324, 3124
1324, 3421
1324, 4123
1324, 4321
1325, 1523
1325, 3125
1325, 3521
1326, 1623
1326, 3126
1326, 3621
1327, 1723
1327, 3127
1327, 3721
1328, 1823
1328, 3128
1328, 3821
1329, 1923
1329, 3129
1329, 3921
1330, 3130
1331, 1133
1331, 3131
1332, 1233
1332, 2133
1332, 2331
1332, 3132
1332, 3231
1333, 3133
1333, 3331
1334, 1433
1334, 3134
1334, 3431
1334, 4133
1334, 4331
1335, 1533
1335, 3135
1335, 3531
1336, 1633
1336, 3136
1336, 3631
1337, 1733
1337, 3137
1337, 3731
1338, 1833
1338, 3138
1338, 3831
1339, 1933
1339, 3139
1339, 3931
1340, 3140
1341, 1143
1341, 3141
1342, 1243
1342, 2143
1342, 2341
1342, 3142
1342, 3241
1343, 3143
1343, 3341
1344, 1443
1344, 3144
1344, 3441
1344, 4143
1344, 4341
1345, 1543
1345, 3145
1345, 3541
1346, 1643
1346, 3146
1346, 3641
1347, 1743
1347, 3147
1347, 3741
1348, 1843
1348, 3148
1348, 3841
1349, 1943
1349, 3149
1349, 3941
1350, 3150
1351, 1153
1351, 3151
1352, 1253
1352, 2153
1352, 2351
1352, 3152
1352, 3251
1353, 3153
1353, 3351
1354, 1453
1354, 3154
1354, 3451
1354, 4153
1354, 4351
1355, 1553
1355, 3155
1355, 3551
1356, 1653
1356, 3156
1356, 3651
1357, 1753
1357, 3157
1357, 3751
1358, 1853
1358, 3158
1358, 3851
1359, 1953
1359, 3159
1359, 3951
1360, 3160
1361, 1163
1361, 3161
1362, 1263
1362, 2163
1362, 2361
1362, 3162
1362, 3261
1363, 3163
1363, 3361
1364, 1463
1364, 3164
1364, 3461
1364, 4163
1364, 4361
1365, 1563
1365, 3165
1365, 3561
1366, 1663
1366, 3166
1366, 3661
1367, 1376
1367, 1673
1367, 1763
1367, 3167
1367, 3176
1367, 3671
1367, 3761
1368, 1863
1368, 3168
1368, 3861
1369, 1396
1369, 1693
1369, 1963
1369, 3169
1369, 3196
1369, 3691
1369, 3961
1370, 3170
1371, 1173
1371, 3171
1372, 1273
1372, 2173
1372, 2371
1372, 3172
1372, 3271
1373, 3173
1373, 3371
1374, 1473
1374, 3174
1374, 3471
1374, 4173
1374, 4371
1375, 1573
1375, 3175
1375, 3571
1376, 1367
1376, 1673
1376, 1763
1376, 3167
1376, 3176
1376, 3671
1376, 3761
1377, 1773
1377, 3177
1377, 3771
1378, 1873
1378, 3178
1378, 3871
1379, 1397
1379, 1793
1379, 1973
1379, 3179
1379, 3197
1379, 3791
1379, 3971
1380, 3180
1381, 1183
1381, 3181
1382, 1283
1382, 2183
1382, 2381
1382, 3182
1382, 3281
1383, 3183
1383, 3381
1384, 1483
1384, 3184
1384, 3481
1384, 4183
1384, 4381
1385, 1583
1385, 3185
1385, 3581
1386, 1683
1386, 3186
1386, 3681
1387, 1783
1387, 3187
1387, 3781
1388, 1883
1388, 3188
1388, 3881
1389, 1983
1389, 3189
1389, 3981
1390, 3190
1391, 1193
1391, 3191
1392, 1293
1392, 2193
1392, 2391
1392, 3192
1392, 3291
1393, 3193
1393, 3391
1394, 1493
1394, 3194
1394, 3491
1394, 4193
1394, 4391
1395, 1593
1395, 3195
1395, 3591
1396, 1369
1396, 1693
1396, 1963
1396, 3169
1396, 3196
1396, 3691
1396, 3961
1397, 1379
1397, 1793
1397, 1973
1397, 3179
1397, 3197
1397, 3791
1397, 3971
1398, 1893
1398, 3198
1398, 3891
1399, 1993
1399, 3199
1399, 3991
1400, 4100
1401, 1104
1401, 4101
1402, 1204
1402, 2104
1402, 2401
1402, 4102
1402, 4201
1403, 1304
1403, 3104
1403, 3401
1403, 4103
1403, 4301
1404, 4104
1404, 4401
1405, 1504
1405, 4105
1405, 4501
1406, 1604
1406, 4106
1406, 4601
1407, 1704
1407, 4107
1407, 4701
1408, 1804
1408, 4108
1408, 4801
1409, 1904
1409, 4109
1409, 4901
1410, 4110
1411, 4111
1412, 2411
1412, 4112
1412, 4211
1413, 4113
1414, 4114
1415, 4115
1416, 1614
1416, 4116
1417, 1714
1417, 4117
1418, 4118
1419, 1914
1419, 4119
1420, 4120
1421, 1124
1421, 4121
1422, 1224
1422, 2124
1422, 2421
1422, 4122
1422, 4221
1423, 1324
1423, 3124
1423, 3421
1423, 4123
1423, 4321
1424, 4124
1424, 4421
1425, 1524
1425, 4125
1425, 4521
1426, 1624
1426, 4126
1426, 4621
1427, 1724
1427, 4127
1427, 4721
1428, 1824
1428, 4128
1428, 4821
1429, 1924
1429, 4129
1429, 4921
1430, 4130
1431, 1134
1431, 4131
1432, 1234
1432, 2134
1432, 2431
1432, 4132
1432, 4231
1433, 1334
1433, 3134
1433, 3431
1433, 4133
1433, 4331
1434, 4134
1434, 4431
1435, 1534
1435, 4135
1435, 4531
1436, 1634
1436, 4136
1436, 4631
1437, 1734
1437, 4137
1437, 4731
1438, 1834
1438, 4138
1438, 4831
1439, 1934
1439, 4139
1439, 4931
1440, 4140
1441, 1144
1441, 4141
1442, 1244
1442, 2144
1442, 2441
1442, 4142
1442, 4241
1443, 1344
1443, 3144
1443, 3441
1443, 4143
1443, 4341
1444, 4144
1444, 4441
1445, 1544
1445, 4145
1445, 4541
1446, 1644
1446, 4146
1446, 4641
1447, 1744
1447, 4147
1447, 4741
1448, 1844
1448, 4148
1448, 4841
1449, 1944
1449, 4149
1449, 4941
1450, 4150
1451, 1154
1451, 4151
1452, 1254
1452, 2154
1452, 2451
1452, 4152
1452, 4251
1453, 1354
1453, 3154
1453, 3451
1453, 4153
1453, 4351
1454, 4154
1454, 4451
1455, 1554
1455, 4155
1455, 4551
1456, 1654
1456, 4156
1456, 4651
1457, 1754
1457, 4157
1457, 4751
1458, 1854
1458, 4158
1458, 4851
1459, 1954
1459, 4159
1459, 4951
1460, 4160
1461, 1164
1461, 4161
1462, 1264
1462, 2164
1462, 2461
1462, 4162
1462, 4261
1463, 1364
1463, 3164
1463, 3461
1463, 4163
1463, 4361
1464, 4164
1464, 4461
1465, 1564
1465, 4165
1465, 4561
1466, 1664
1466, 4166
1466, 4661
1467, 1476
1467, 1674
1467, 1764
1467, 4167
1467, 4176
1467, 4671
1467, 4761
1468, 1864
1468, 4168
1468, 4861
1469, 1496
1469, 1694
1469, 1964
1469, 4169
1469, 4196
1469, 4691
1469, 4961
1470, 4170
1471, 1174
1471, 4171
1472, 1274
1472, 2174
1472, 2471
1472, 4172
1472, 4271
1473, 1374
1473, 3174
1473, 3471
1473, 4173
1473, 4371
1474, 4174
1474, 4471
1475, 1574
1475, 4175
1475, 4571
1476, 1467
1476, 1674
1476, 1764
1476, 4167
1476, 4176
1476, 4671
1476, 4761
1477, 1774
1477, 4177
1477, 4771
1478, 1874
1478, 4178
1478, 4871
1479, 1497
1479, 1794
1479, 1974
1479, 4179
1479, 4197
1479, 4791
1479, 4971
1480, 4180
1481, 1184
1481, 4181
1482, 1284
1482, 2184
1482, 2481
1482, 4182
1482, 4281
1483, 1384
1483, 3184
1483, 3481
1483, 4183
1483, 4381
1484, 4184
1484, 4481
1485, 1584
1485, 4185
1485, 4581
1486, 1684
1486, 4186
1486, 4681
1487, 1784
1487, 4187
1487, 4781
1488, 1884
1488, 4188
1488, 4881
1489, 1984
1489, 4189
1489, 4981
1490, 4190
1491, 1194
1491, 4191
1492, 1294
1492, 2194
1492, 2491
1492, 4192
1492, 4291
1493, 1394
1493, 3194
1493, 3491
1493, 4193
1493, 4391
1494, 4194
1494, 4491
1495, 1594
1495, 4195
1495, 4591
1496, 1469
1496, 1694
1496, 1964
1496, 4169
1496, 4196
1496, 4691
1496, 4961
1497, 1479
1497, 1794
1497, 1974
1497, 4179
1497, 4197
1497, 4791
1497, 4971
1498, 1894
1498, 4198
1498, 4891
1499, 1994
1499, 4199
1499, 4991
1501, 1105
1502, 1205
1502, 2105
1502, 2501
1503, 1305
1503, 3105
1503, 3501
1504, 1405
1504, 4105
1504, 4501
1506, 1605
1507, 1705
1508, 1805
1509, 1905
1512, 2511
1521, 1125
1522, 1225
1522, 2125
1522, 2521
1523, 1325
1523, 3125
1523, 3521
1524, 1425
1524, 4125
1524, 4521
1526, 1625
1527, 1725
1528, 1825
1529, 1925
1531, 1135
1532, 1235
1532, 2135
1532, 2531
1533, 1335
1533, 3135
1533, 3531
1534, 1435
1534, 4135
1534, 4531
1536, 1635
1537, 1735
1538, 1835
1539, 1935
1541, 1145
1542, 1245
1542, 2145
1542, 2541
1543, 1345
1543, 3145
1543, 3541
1544, 1445
1544, 4145
1544, 4541
1546, 1645
1547, 1745
1548, 1845
1549, 1945
1551, 1155
1552, 1255
1552, 2155
1552, 2551
1553, 1355
1553, 3155
1553, 3551
1554, 1455
1554, 4155
1554, 4551
1556, 1655
1557, 1755
1558, 1855
1559, 1955
1561, 1165
1562, 1265
1562, 2165
1562, 2561
1563, 1365
1563, 3165
1563, 3561
1564, 1465
1564, 4165
1564, 4561
1566, 1665
1567, 1576
1567, 1675
1567, 1765
1568, 1865
1569, 1596
1569, 1695
1569, 1965
1571, 1175
1572, 1275
1572, 2175
1572, 2571
1573, 1375
1573, 3175
1573, 3571
1574, 1475
1574, 4175
1574, 4571
1576, 1567
1576, 1675
1576, 1765
1577, 1775
1578, 1875
1579, 1597
1579, 1795
1579, 1975
1581, 1185
1582, 1285
1582, 2185
1582, 2581
1583, 1385
1583, 3185
1583, 3581
1584, 1485
1584, 4185
1584, 4581
1586, 1685
1587, 1785
1588, 1885
1589, 1985
1591, 1195
1592, 1295
1592, 2195
1592, 2591
1593, 1395
1593, 3195
1593, 3591
1594, 1495
1594, 4195
1594, 4591
1596, 1569
1596, 1695
1596, 1965
1597, 1579
1597, 1795
1597, 1975
1598, 1895
1599, 1995
1601, 1106
1602, 1206
1602, 2106
1602, 2601
1603, 1306
1603, 3106
1603, 3601
1604, 1406
1604, 4106
1604, 4601
1605, 1506
1607, 1706
1608, 1806
1609, 1906
1612, 2611
1614, 1416
1614, 4116
1617, 1716
1619, 1916
1621, 1126
1622, 1226
1622, 2126
1622, 2621
1623, 1326
1623, 3126
1623, 3621
1624, 1426
1624, 4126
1624, 4621
1625, 1526
1627, 1726
1628, 1826
1629, 1926
1631, 1136
1632, 1236
1632, 2136
1632, 2631
1633, 1336
1633, 3136
1633, 3631
1634, 1436
1634, 4136
1634, 4631
1635, 1536
1637, 1736
1638, 1836
1639, 1936
1641, 1146
1642, 1246
1642, 2146
1642, 2641
1643, 1346
1643, 3146
1643, 3641
1644, 1446
1644, 4146
1644, 4641
1645, 1546
1647, 1746
1648, 1846
1649, 1946
1651, 1156
1652, 1256
1652, 2156
1652, 2651
1653, 1356
1653, 3156
1653, 3651
1654, 1456
1654, 4156
1654, 4651
1655, 1556
1657, 1756
1658, 1856
1659, 1956
1661, 1166
1662, 1266
1662, 2166
1662, 2661
1663, 1366
1663, 3166
1663, 3661
1664, 1466
1664, 4166
1664, 4661
1665, 1566
1667, 1676
1667, 1766
1668, 1866
1669, 1696
1669, 1966
1670, 1760
1671, 1167
1671, 1176
1671, 1761
1672, 1267
1672, 1276
1672, 1762
1672, 2167
1672, 2176
1672, 2671
1672, 2761
1673, 1367
1673, 1376
1673, 1763
1673, 3167
1673, 3176
1673, 3671
1673, 3761
1674, 1467
1674, 1476
1674, 1764
1674, 4167
1674, 4176
1674, 4671
1674, 4761
1675, 1567
1675, 1576
1675, 1765
1676, 1667
1676, 1766
1677, 1767
1677, 1776
1678, 1768
1678, 1867
1678, 1876
1679, 1697
1679, 1769
1679, 1796
1679, 1967
1679, 1976
1681, 1186
1682, 1286
1682, 2186
1682, 2681
1683, 1386
1683, 3186
1683, 3681
1684, 1486
1684, 4186
1684, 4681
1685, 1586
1687, 1786
1688, 1886
1689, 1986
1690, 1960
1691, 1169
1691, 1196
1691, 1961
1692, 1269
1692, 1296
1692, 1962
1692, 2169
1692, 2196
1692, 2691
1692, 2961
1693, 1369
1693, 1396
1693, 1963
1693, 3169
1693, 3196
1693, 3691
1693, 3961
1694, 1469
1694, 1496
1694, 1964
1694, 4169
1694, 4196
1694, 4691
1694, 4961
1695, 1569
1695, 1596
1695, 1965
1696, 1669
1696, 1966
1697, 1679
1697, 1769
1697, 1796
1697, 1967
1697, 1976
1698, 1869
1698, 1896
1698, 1968
1699, 1969
1699, 1996
1701, 1107
1702, 1207
1702, 2107
1702, 2701
1703, 1307
1703, 3107
1703, 3701
1704, 1407
1704, 4107
1704, 4701
1705, 1507
1706, 1607
1708, 1807
1709, 1907
1712, 2711
1714, 1417
1714, 4117
1716, 1617
1719, 1917
1721, 1127
1722, 1227
1722, 2127
1722, 2721
1723, 1327
1723, 3127
1723, 3721
1724, 1427
1724, 4127
1724, 4721
1725, 1527
1726, 1627
1728, 1827
1729, 1927
1731, 1137
1732, 1237
1732, 2137
1732, 2731
1733, 1337
1733, 3137
1733, 3731
1734, 1437
1734, 4137
1734, 4731
1735, 1537
1736, 1637
1738, 1837
1739, 1937
1741, 1147
1742, 1247
1742, 2147
1742, 2741
1743, 1347
1743, 3147
1743, 3741
1744, 1447
1744, 4147
1744, 4741
1745, 1547
1746, 1647
1748, 1847
1749, 1947
1751, 1157
1752, 1257
1752, 2157
1752, 2751
1753, 1357
1753, 3157
1753, 3751
1754, 1457
1754, 4157
1754, 4751
1755, 1557
1756, 1657
1758, 1857
1759, 1957
1760, 1670
1761, 1167
1761, 1176
1761, 1671
1762, 1267
1762, 1276
1762, 1672
1762, 2167
1762, 2176
1762, 2671
1762, 2761
1763, 1367
1763, 1376
1763, 1673
1763, 3167
1763, 3176
1763, 3671
1763, 3761
1764, 1467
1764, 1476
1764, 1674
1764, 4167
1764, 4176
1764, 4671
1764, 4761
1765, 1567
1765, 1576
1765, 1675
1766, 1667
1766, 1676
1767, 1677
1767, 1776
1768, 1678
1768, 1867
1768, 1876
1769, 1679
1769, 1697
1769, 1796
1769, 1967
1769, 1976
1771, 1177
1772, 1277
1772, 2177
1772, 2771
1773, 1377
1773, 3177
1773, 3771
1774, 1477
1774, 4177
1774, 4771
1775, 1577
1776, 1677
1776, 1767
1778, 1877
1779, 1797
1779, 1977
1781, 1187
1782, 1287
1782, 2187
1782, 2781
1783, 1387
1783, 3187
1783, 3781
1784, 1487
1784, 4187
1784, 4781
1785, 1587
1786, 1687
1788, 1887
1789, 1987
1790, 1970
1791, 1179
1791, 1197
1791, 1971
1792, 1279
1792, 1297
1792, 1972
1792, 2179
1792, 2197
1792, 2791
1792, 2971
1793, 1379
1793, 1397
1793, 1973
1793, 3179
1793, 3197
1793, 3791
1793, 3971
1794, 1479
1794, 1497
1794, 1974
1794, 4179
1794, 4197
1794, 4791
1794, 4971
1795, 1579
1795, 1597
1795, 1975
1796, 1679
1796, 1697
1796, 1769
1796, 1967
1796, 1976
1797, 1779
1797, 1977
1798, 1879
1798, 1897
1798, 1978
1799, 1979
1799, 1997
1801, 1108
1802, 1208
1802, 2108
1802, 2801
1803, 1308
1803, 3108
1803, 3801
1804, 1408
1804, 4108
1804, 4801
1805, 1508
1806, 1608
1807, 1708
1809, 1908
1812, 2811
1821, 1128
1822, 1228
1822, 2128
1822, 2821
1823, 1328
1823, 3128
1823, 3821
1824, 1428
1824, 4128
1824, 4821
1825, 1528
1826, 1628
1827, 1728
1829, 1928
1831, 1138
1832, 1238
1832, 2138
1832, 2831
1833, 1338
1833, 3138
1833, 3831
1834, 1438
1834, 4138
1834, 4831
1835, 1538
1836, 1638
1837, 1738
1839, 1938
1841, 1148
1842, 1248
1842, 2148
1842, 2841
1843, 1348
1843, 3148
1843, 3841
1844, 1448
1844, 4148
1844, 4841
1845, 1548
1846, 1648
1847, 1748
1849, 1948
1851, 1158
1852, 1258
1852, 2158
1852, 2851
1853, 1358
1853, 3158
1853, 3851
1854, 1458
1854, 4158
1854, 4851
1855, 1558
1856, 1658
1857, 1758
1859, 1958
1861, 1168
1862, 1268
1862, 2168
1862, 2861
1863, 1368
1863, 3168
1863, 3861
1864, 1468
1864, 4168
1864, 4861
1865, 1568
1866, 1668
1867, 1678
1867, 1768
1867, 1876
1869, 1698
1869, 1896
1869, 1968
1871, 1178
1872, 1278
1872, 2178
1872, 2871
1873, 1378
1873, 3178
1873, 3871
1874, 1478
1874, 4178
1874, 4871
1875, 1578
1876, 1678
1876, 1768
1876, 1867
1877, 1778
1879, 1798
1879, 1897
1879, 1978
1881, 1188
1882, 1288
1882, 2188
1882, 2881
1883, 1388
1883, 3188
1883, 3881
1884, 1488
1884, 4188
1884, 4881
1885, 1588
1886, 1688
1887, 1788
1889, 1988
1891, 1198
1892, 1298
1892, 2198
1892, 2891
1893, 1398
1893, 3198
1893, 3891
1894, 1498
1894, 4198
1894, 4891
1895, 1598
1896, 1698
1896, 1869
1896, 1968
1897, 1798
1897, 1879
1897, 1978
1899, 1998
1901, 1109
1902, 1209
1902, 2109
1902, 2901
1903, 1309
1903, 3109
1903, 3901
1904, 1409
1904, 4109
1904, 4901
1905, 1509
1906, 1609
1907, 1709
1908, 1809
1912, 2911
1914, 1419
1914, 4119
1916, 1619
1917, 1719
1921, 1129
1922, 1229
1922, 2129
1922, 2921
1923, 1329
1923, 3129
1923, 3921
1924, 1429
1924, 4129
1924, 4921
1925, 1529
1926, 1629
1927, 1729
1928, 1829
1931, 1139
1932, 1239
1932, 2139
1932, 2931
1933, 1339
1933, 3139
1933, 3931
1934, 1439
1934, 4139
1934, 4931
1935, 1539
1936, 1639
1937, 1739
1938, 1839
1941, 1149
1942, 1249
1942, 2149
1942, 2941
1943, 1349
1943, 3149
1943, 3941
1944, 1449
1944, 4149
1944, 4941
1945, 1549
1946, 1649
1947, 1749
1948, 1849
1951, 1159
1952, 1259
1952, 2159
1952, 2951
1953, 1359
1953, 3159
1953, 3951
1954, 1459
1954, 4159
1954, 4951
1955, 1559
1956, 1659
1957, 1759
1958, 1859
1960, 1690
1961, 1169
1961, 1196
1961, 1691
1962, 1269
1962, 1296
1962, 1692
1962, 2169
1962, 2196
1962, 2691
1962, 2961
1963, 1369
1963, 1396
1963, 1693
1963, 3169
1963, 3196
1963, 3691
1963, 3961
1964, 1469
1964, 1496
1964, 1694
1964, 4169
1964, 4196
1964, 4691
1964, 4961
1965, 1569
1965, 1596
1965, 1695
1966, 1669
1966, 1696
1967, 1679
1967, 1697
1967, 1769
1967, 1796
1967, 1976
1968, 1698
1968, 1869
1968, 1896
1969, 1699
1969, 1996
1970, 1790
1971, 1179
1971, 1197
1971, 1791
1972, 1279
1972, 1297
1972, 1792
1972, 2179
1972, 2197
1972, 2791
1972, 2971
1973, 1379
1973, 1397
1973, 1793
1973, 3179
1973, 3197
1973, 3791
1973, 3971
1974, 1479
1974, 1497
1974, 1794
1974, 4179
1974, 4197
1974, 4791
1974, 4971
1975, 1579
1975, 1597
1975, 1795
1976, 1679
1976, 1697
1976, 1769
1976, 1796
1976, 1967
1977, 1779
1977, 1797
1978, 1798
1978, 1879
1978, 1897
1979, 1799
1979, 1997
1981, 1189
1982, 1289
1982, 2189
1982, 2981
1983, 1389
1983, 3189
1983, 3981
1984, 1489
1984, 4189
1984, 4981
1985, 1589
1986, 1689
1987, 1789
1988, 1889
1991, 1199
1992, 1299
1992, 2199
1992, 2991
1993, 1399
1993, 3199
1993, 3991
1994, 1499
1994, 4199
1994, 4991
1995, 1599
1996, 1699
1996, 1969
1997, 1799
1997, 1979
1998, 1899
2001, 1002
2003, 3002
2004, 4002
2011, 1012
2021, 1022
2023, 3022
2024, 4022
2031, 1032
2033, 3032
2034, 4032
2041, 1042
2043, 3042
2044, 4042
2051, 1052
2053, 3052
2054, 4052
2061, 1062
2063, 3062
2064, 4062
2067, 2076
2069, 2096
2071, 1072
2073, 3072
2074, 4072
2076, 2067
2079, 2097
2081, 1082
2083, 3082
2084, 4082
2091, 1092
2093, 3092
2094, 4092
2096, 2069
2097, 2079
2100, 1200
2101, 1102
2101, 1201
2102, 1202
2102, 2201
2103, 1203
2103, 1302
2103, 2301
2103, 3102
2103, 3201
2104, 1204
2104, 1402
2104, 2401
2104, 4102
2104, 4201
2105, 1205
2105, 1502
2105, 2501
2106, 1206
2106, 1602
2106, 2601
2107, 1207
2107, 1702
2107, 2701
2108, 1208
2108, 1802
2108, 2801
2109, 1209
2109, 1902
2109, 2901
2110, 1210
2111, 1112
2111, 1211
2112, 1212
2112, 2211
2113, 1213
2114, 1214
2115, 1215
2116, 1216
2117, 1217
2118, 1218
2119, 1219
2120, 1220
2121, 1122
2121, 1221
2122, 1222
2122, 2221
2123, 1223
2123, 1322
2123, 2321
2123, 3122
2123, 3221
2124, 1224
2124, 1422
2124, 2421
2124, 4122
2124, 4221
2125, 1225
2125, 1522
2125, 2521
2126, 1226
2126, 1622
2126, 2621
2127, 1227
2127, 1722
2127, 2721
2128, 1228
2128, 1822
2128, 2821
2129, 1229
2129, 1922
2129, 2921
2130, 1230
2131, 1132
2131, 1231
2132, 1232
2132, 2231
2133, 1233
2133, 1332
2133, 2331
2133, 3132
2133, 3231
2134, 1234
2134, 1432
2134, 2431
2134, 4132
2134, 4231
2135, 1235
2135, 1532
2135, 2531
2136, 1236
2136, 1632
2136, 2631
2137, 1237
2137, 1732
2137, 2731
2138, 1238
2138, 1832
2138, 2831
2139, 1239
2139, 1932
2139, 2931
2140, 1240
2141, 1142
2141, 1241
2142, 1242
2142, 2241
2143, 1243
2143, 1342
2143, 2341
2143, 3142
2143, 3241
2144, 1244
2144, 1442
2144, 2441
2144, 4142
2144, 4241
2145, 1245
2145, 1542
2145, 2541
2146, 1246
2146, 1642
2146, 2641
2147, 1247
2147, 1742
2147, 2741
2148, 1248
2148, 1842
2148, 2841
2149, 1249
2149, 1942
2149, 2941
2150, 1250
2151, 1152
2151, 1251
2152, 1252
2152, 2251
2153, 1253
2153, 1352
2153, 2351
2153, 3152
2153, 3251
2154, 1254
2154, 1452
2154, 2451
2154, 4152
2154, 4251
2155, 1255
2155, 1552
2155, 2551
2156, 1256
2156, 1652
2156, 2651
2157, 1257
2157, 1752
2157, 2751
2158, 1258
2158, 1852
2158, 2851
2159, 1259
2159, 1952
2159, 2951
2160, 1260
2161, 1162
2161, 1261
2162, 1262
2162, 2261
2163, 1263
2163, 1362
2163, 2361
2163, 3162
2163, 3261
2164, 1264
2164, 1462
2164, 2461
2164, 4162
2164, 4261
2165, 1265
2165, 1562
2165, 2561
2166, 1266
2166, 1662
2166, 2661
2167, 1267
2167, 1276
2167, 1672
2167, 1762
2167, 2176
2167, 2671
2167, 2761
2168, 1268
2168, 1862
2168, 2861
2169, 1269
2169, 1296
2169, 1692
2169, 1962
2169, 2196
2169, 2691
2169, 2961
2170, 1270
2171, 1172
2171, 1271
2172, 1272
2172, 2271
2173, 1273
2173, 1372
2173, 2371
2173, 3172
2173, 3271
2174, 1274
2174, 1472
2174, 2471
2174, 4172
2174, 4271
2175, 1275
2175, 1572
2175, 2571
2176, 1267
2176, 1276
2176, 1672
2176, 1762
2176, 2167
2176, 2671
2176, 2761
2177, 1277
2177, 1772
2177, 2771
2178, 1278
2178, 1872
2178, 2871
2179, 1279
2179, 1297
2179, 1792
2179, 1972
2179, 2197
2179, 2791
2179, 2971
2180, 1280
2181, 1182
2181, 1281
2182, 1282
2182, 2281
2183, 1283
2183, 1382
2183, 2381
2183, 3182
2183, 3281
2184, 1284
2184, 1482
2184, 2481
2184, 4182
2184, 4281
2185, 1285
2185, 1582
2185, 2581
2186, 1286
2186, 1682
2186, 2681
2187, 1287
2187, 1782
2187, 2781
2188, 1288
2188, 1882
2188, 2881
2189, 1289
2189, 1982
2189, 2981
2190, 1290
2191, 1192
2191, 1291
2192, 1292
2192, 2291
2193, 1293
2193, 1392
2193, 2391
2193, 3192
2193, 3291
2194, 1294
2194, 1492
2194, 2491
2194, 4192
2194, 4291
2195, 1295
2195, 1592
2195, 2591
2196, 1269
2196, 1296
2196, 1692
2196, 1962
2196, 2169
2196, 2691
2196, 2961
2197, 1279
2197, 1297
2197, 1792
2197, 1972
2197, 2179
2197, 2791
2197, 2971
2198, 1298
2198, 1892
2198, 2891
2199, 1299
2199, 1992
2199, 2991
2201, 1202
2201, 2102
2203, 2302
2203, 3202
2204, 2402
2204, 4202
2205, 2502
2206, 2602
2207, 2702
2208, 2802
2209, 2902
2211, 1212
2211, 2112
2221, 1222
2221, 2122
2223, 2322
2223, 3222
2224, 2422
2224, 4222
2225, 2522
2226, 2622
2227, 2722
2228, 2822
2229, 2922
2231, 1232
2231, 2132
2233, 2332
2233, 3232
2234, 2432
2234, 4232
2235, 2532
2236, 2632
2237, 2732
2238, 2832
2239, 2932
2241, 1242
2241, 2142
2243, 2342
2243, 3242
2244, 2442
2244, 4242
2245, 2542
2246, 2642
2247, 2742
2248, 2842
2249, 2942
2251, 1252
2251, 2152
2253, 2352
2253, 3252
2254, 2452
2254, 4252
2255, 2552
2256, 2652
2257, 2752
2258, 2852
2259, 2952
2261, 1262
2261, 2162
2263, 2362
2263, 3262
2264, 2462
2264, 4262
2265, 2562
2266, 2662
2267, 2276
2267, 2672
2267, 2762
2268, 2862
2269, 2296
2269, 2692
2269, 2962
2271, 1272
2271, 2172
2273, 2372
2273, 3272
2274, 2472
2274, 4272
2275, 2572
2276, 2267
2276, 2672
2276, 2762
2277, 2772
2278, 2872
2279, 2297
2279, 2792
2279, 2972
2281, 1282
2281, 2182
2283, 2382
2283, 3282
2284, 2482
2284, 4282
2285, 2582
2286, 2682
2287, 2782
2288, 2882
2289, 2982
2291, 1292
2291, 2192
2293, 2392
2293, 3292
2294, 2492
2294, 4292
2295, 2592
2296, 2269
2296, 2692
2296, 2962
2297, 2279
2297, 2792
2297, 2972
2298, 2892
2299, 2992
2300, 3200
2301, 1203
2301, 1302
2301, 2103
2301, 3102
2301, 3201
2302, 2203
2302, 3202
2303, 3203
2303, 3302
2304, 2403
2304, 3204
2304, 3402
2304, 4203
2304, 4302
2305, 2503
2305, 3205
2305, 3502
2306, 2603
2306, 3206
2306, 3602
2307, 2703
2307, 3207
2307, 3702
2308, 2803
2308, 3208
2308, 3802
2309, 2903
2309, 3209
2309, 3902
2310, 3210
2311, 1312
2311, 3112
2311, 3211
2312, 3212
2313, 3213
2314, 3214
2315, 3215
2316, 3216
2317, 3217
2318, 3218
2319, 3219
2320, 3220
2321, 1223
2321, 1322
2321, 2123
2321, 3122
2321, 3221
2322, 2223
2322, 3222
2323, 3223
2323, 3322
2324, 2423
2324, 3224
2324, 3422
2324, 4223
2324, 4322
2325, 2523
2325, 3225
2325, 3522
2326, 2623
2326, 3226
2326, 3622
2327, 2723
2327, 3227
2327, 3722
2328, 2823
2328, 3228
2328, 3822
2329, 2923
2329, 3229
2329, 3922
2330, 3230
2331, 1233
2331, 1332
2331, 2133
2331, 3132
2331, 3231
2332, 2233
2332, 3232
2333, 3233
2333, 3332
2334, 2433
2334, 3234
2334, 3432
2334, 4233
2334, 4332
2335, 2533
2335, 3235
2335, 3532
2336, 2633
2336, 3236
2336, 3632
2337, 2733
2337, 3237
2337, 3732
2338, 2833
2338, 3238
2338, 3832
2339, 2933
2339, 3239
2339, 3932
2340, 3240
2341, 1243
2341, 1342
2341, 2143
2341, 3142
2341, 3241
2342, 2243
2342, 3242
2343, 3243
2343, 3342
2344, 2443
2344, 3244
2344, 3442
2344, 4243
2344, 4342
2345, 2543
2345, 3245
2345, 3542
2346, 2643
2346, 3246
2346, 3642
2347, 2743
2347, 3247
2347, 3742
2348, 2843
2348, 3248
2348, 3842
2349, 2943
2349, 3249
2349, 3942
2350, 3250
2351, 1253
2351, 1352
2351, 2153
2351, 3152
2351, 3251
2352, 2253
2352, 3252
2353, 3253
2353, 3352
2354, 2453
2354, 3254
2354, 3452
2354, 4253
2354, 4352
2355, 2553
2355, 3255
2355, 3552
2356, 2653
2356, 3256
2356, 3652
2357, 2753
2357, 3257
2357, 3752
2358, 2853
2358, 3258
2358, 3852
2359, 2953
2359, 3259
2359, 3952
2360, 3260
2361, 1263
2361, 1362
2361, 2163
2361, 3162
2361, 3261
2362, 2263
2362, 3262
2363, 3263
2363, 3362
2364, 2463
2364, 3264
2364, 3462
2364, 4263
2364, 4362
2365, 2563
2365, 3265
2365, 3562
2366, 2663
2366, 3266
2366, 3662
2367, 2376
2367, 2673
2367, 2763
2367, 3267
2367, 3276
2367, 3672
2367, 3762
2368, 2863
2368, 3268
2368, 3862
2369, 2396
2369, 2693
2369, 2963
2369, 3269
2369, 3296
2369, 3692
2369, 3962
2370, 3270
2371, 1273
2371, 1372
2371, 2173
2371, 3172
2371, 3271
2372, 2273
2372, 3272
2373, 3273
2373, 3372
2374, 2473
2374, 3274
2374, 3472
2374, 4273
2374, 4372
2375, 2573
2375, 3275
2375, 3572
2376, 2367
2376, 2673
2376, 2763
2376, 3267
2376, 3276
2376, 3672
2376, 3762
2377, 2773
2377, 3277
2377, 3772
2378, 2873
2378, 3278
2378, 3872
2379, 2397
2379, 2793
2379, 2973
2379, 3279
2379, 3297
2379, 3792
2379, 3972
2380, 3280
2381, 1283
2381, 1382
2381, 2183
2381, 3182
2381, 3281
2382, 2283
2382, 3282
2383, 3283
2383, 3382
2384, 2483
2384, 3284
2384, 3482
2384, 4283
2384, 4382
2385, 2583
2385, 3285
2385, 3582
2386, 2683
2386, 3286
2386, 3682
2387, 2783
2387, 3287
2387, 3782
2388, 2883
2388, 3288
2388, 3882
2389, 2983
2389, 3289
2389, 3982
2390, 3290
2391, 1293
2391, 1392
2391, 2193
2391, 3192
2391, 3291
2392, 2293
2392, 3292
2393, 3293
2393, 3392
2394, 2493
2394, 3294
2394, 3492
2394, 4293
2394, 4392
2395, 2593
2395, 3295
2395, 3592
2396, 2369
2396, 2693
2396, 2963
2396, 3269
2396, 3296
2396, 3692
2396, 3962
2397, 2379
2397, 2793
2397, 2973
2397, 3279
2397, 3297
2397, 3792
2397, 3972
2398, 2893
2398, 3298
2398, 3892
2399, 2993
2399, 3299
2399, 3992
2400, 4200
2401, 1204
2401, 1402
2401, 2104
2401, 4102
2401, 4201
2402, 2204
2402, 4202
2403, 2304
2403, 3204
2403, 3402
2403, 4203
2403, 4302
2404, 4204
2404, 4402
2405, 2504
2405, 4205
2405, 4502
2406, 2604
2406, 4206
2406, 4602
2407, 2704
2407, 4207
2407, 4702
2408, 2804
2408, 4208
2408, 4802
2409, 2904
2409, 4209
2409, 4902
2410, 4210
2411, 1412
2411, 4112
2411, 4211
2412, 4212
2413, 4213
2414, 4214
2415, 4215
2416, 2614
2416, 4216
2417, 2714
2417, 4217
2418, 4218
2419, 2914
2419, 4219
2420, 4220
2421, 1224
2421, 1422
2421, 2124
2421, 4122
2421, 4221
2422, 2224
2422, 4222
2423, 2324
2423, 3224
2423, 3422
2423, 4223
2423, 4322
2424, 4224
2424, 4422
2425, 2524
2425, 4225
2425, 4522
2426, 2624
2426, 4226
2426, 4622
2427, 2724
2427, 4227
2427, 4722
2428, 2824
2428, 4228
2428, 4822
2429, 2924
2429, 4229
2429, 4922
2430, 4230
2431, 1234
2431, 1432
2431, 2134
2431, 4132
2431, 4231
2432, 2234
2432, 4232
2433, 2334
2433, 3234
2433, 3432
2433, 4233
2433, 4332
2434, 4234
2434, 4432
2435, 2534
2435, 4235
2435, 4532
2436, 2634
2436, 4236
2436, 4632
2437, 2734
2437, 4237
2437, 4732
2438, 2834
2438, 4238
2438, 4832
2439, 2934
2439, 4239
2439, 4932
2440, 4240
2441, 1244
2441, 1442
2441, 2144
2441, 4142
2441, 4241
2442, 2244
2442, 4242
2443, 2344
2443, 3244
2443, 3442
2443, 4243
2443, 4342
2444, 4244
2444, 4442
2445, 2544
2445, 4245
2445, 4542
2446, 2644
2446, 4246
2446, 4642
2447, 2744
2447, 4247
2447, 4742
2448, 2844
2448, 4248
2448, 4842
2449, 2944
2449, 4249
2449, 4942
2450, 4250
2451, 1254
2451, 1452
2451, 2154
2451, 4152
2451, 4251
2452, 2254
2452, 4252
2453, 2354
2453, 3254
2453, 3452
2453, 4253
2453, 4352
2454, 4254
2454, 4452
2455, 2554
2455, 4255
2455, 4552
2456, 2654
2456, 4256
2456, 4652
2457, 2754
2457, 4257
2457, 4752
2458, 2854
2458, 4258
2458, 4852
2459, 2954
2459, 4259
2459, 4952
2460, 4260
2461, 1264
2461, 1462
2461, 2164
2461, 4162
2461, 4261
2462, 2264
2462, 4262
2463, 2364
2463, 3264
2463, 3462
2463, 4263
2463, 4362
2464, 4264
2464, 4462
2465, 2564
2465, 4265
2465, 4562
2466, 2664
2466, 4266
2466, 4662
2467, 2476
2467, 2674
2467, 2764
2467, 4267
2467, 4276
2467, 4672
2467, 4762
2468, 2864
2468, 4268
2468, 4862
2469, 2496
2469, 2694
2469, 2964
2469, 4269
2469, 4296
2469, 4692
2469, 4962
2470, 4270
2471, 1274
2471, 1472
2471, 2174
2471, 4172
2471, 4271
2472, 2274
2472, 4272
2473, 2374
2473, 3274
2473, 3472
2473, 4273
2473, 4372
2474, 4274
2474, 4472
2475, 2574
2475, 4275
2475, 4572
2476, 2467
2476, 2674
2476, 2764
2476, 4267
2476, 4276
2476, 4672
2476, 4762
2477, 2774
2477, 4277
2477, 4772
2478, 2874
2478, 4278
2478, 4872
2479, 2497
2479, 2794
2479, 2974
2479, 4279
2479, 4297
2479, 4792
2479, 4972
2480, 4280
2481, 1284
2481, 1482
2481, 2184
2481, 4182
2481, 4281
2482, 2284
2482, 4282
2483, 2384
2483, 3284
2483, 3482
2483, 4283
2483, 4382
2484, 4284
2484, 4482
2485, 2584
2485, 4285
2485, 4582
2486, 2684
2486, 4286
2486, 4682
2487, 2784
2487, 4287
2487, 4782
2488, 2884
2488, 4288
2488, 4882
2489, 2984
2489, 4289
2489, 4982
2490, 4290
2491, 1294
2491, 1492
2491, 2194
2491, 4192
2491, 4291
2492, 2294
2492, 4292
2493, 2394
2493, 3294
2493, 3492
2493, 4293
2493, 4392
2494, 4294
2494, 4492
2495, 2594
2495, 4295
2495, 4592
2496, 2469
2496, 2694
2496, 2964
2496, 4269
2496, 4296
2496, 4692
2496, 4962
2497, 2479
2497, 2794
2497, 2974
2497, 4279
2497, 4297
2497, 4792
2497, 4972
2498, 2894
2498, 4298
2498, 4892
2499, 2994
2499, 4299
2499, 4992
2501, 1205
2501, 1502
2501, 2105
2502, 2205
2503, 2305
2503, 3205
2503, 3502
2504, 2405
2504, 4205
2504, 4502
2506, 2605
2507, 2705
2508, 2805
2509, 2905
2511, 1512
2521, 1225
2521, 1522
2521, 2125
2522, 2225
2523, 2325
2523, 3225
2523, 3522
2524, 2425
2524, 4225
2524, 4522
2526, 2625
2527, 2725
2528, 2825
2529, 2925
2531, 1235
2531, 1532
2531, 2135
2532, 2235
2533, 2335
2533, 3235
2533, 3532
2534, 2435
2534, 4235
2534, 4532
2536, 2635
2537, 2735
2538, 2835
2539, 2935
2541, 1245
2541, 1542
2541, 2145
2542, 2245
2543, 2345
2543, 3245
2543, 3542
2544, 2445
2544, 4245
2544, 4542
2546, 2645
2547, 2745
2548, 2845
2549, 2945
2551, 1255
2551, 1552
2551, 2155
2552, 2255
2553, 2355
2553, 3255
2553, 3552
2554, 2455
2554, 4255
2554, 4552
2556, 2655
2557, 2755
2558, 2855
2559, 2955
2561, 1265
2561, 1562
2561, 2165
2562, 2265
2563, 2365
2563, 3265
2563, 3562
2564, 2465
2564, 4265
2564, 4562
2566, 2665
2567, 2576
2567, 2675
2567, 2765
2568, 2865
2569, 2596
2569, 2695
2569, 2965
2571, 1275
2571, 1572
2571, 2175
2572, 2275
2573, 2375
2573, 3275
2573, 3572
2574, 2475
2574, 4275
2574, 4572
2576, 2567
2576, 2675
2576, 2765
2577, 2775
2578, 2875
2579, 2597
2579, 2795
2579, 2975
2581, 1285
2581, 1582
2581, 2185
2582, 2285
2583, 2385
2583, 3285
2583, 3582
2584, 2485
2584, 4285
2584, 4582
2586, 2685
2587, 2785
2588, 2885
2589, 2985
2591, 1295
2591, 1592
2591, 2195
2592, 2295
2593, 2395
2593, 3295
2593, 3592
2594, 2495
2594, 4295
2594, 4592
2596, 2569
2596, 2695
2596, 2965
2597, 2579
2597, 2795
2597, 2975
2598, 2895
2599, 2995
2601, 1206
2601, 1602
2601, 2106
2602, 2206
2603, 2306
2603, 3206
2603, 3602
2604, 2406
2604, 4206
2604, 4602
2605, 2506
2607, 2706
2608, 2806
2609, 2906
2611, 1612
2614, 2416
2614, 4216
2617, 2716
2619, 2916
2621, 1226
2621, 1622
2621, 2126
2622, 2226
2623, 2326
2623, 3226
2623, 3622
2624, 2426
2624, 4226
2624, 4622
2625, 2526
2627, 2726
2628, 2826
2629, 2926
2631, 1236
2631, 1632
2631, 2136
2632, 2236
2633, 2336
2633, 3236
2633, 3632
2634, 2436
2634, 4236
2634, 4632
2635, 2536
2637, 2736
2638, 2836
2639, 2936
2641, 1246
2641, 1642
2641, 2146
2642, 2246
2643, 2346
2643, 3246
2643, 3642
2644, 2446
2644, 4246
2644, 4642
2645, 2546
2647, 2746
2648, 2846
2649, 2946
2651, 1256
2651, 1652
2651, 2156
2652, 2256
2653, 2356
2653, 3256
2653, 3652
2654, 2456
2654, 4256
2654, 4652
2655, 2556
2657, 2756
2658, 2856
2659, 2956
2661, 1266
2661, 1662
2661, 2166
2662, 2266
2663, 2366
2663, 3266
2663, 3662
2664, 2466
2664, 4266
2664, 4662
2665, 2566
2667, 2676
2667, 2766
2668, 2866
2669, 2696
2669, 2966
2670, 2760
2671, 1267
2671, 1276
2671, 1672
2671, 1762
2671, 2167
2671, 2176
2671, 2761
2672, 2267
2672, 2276
2672, 2762
2673, 2367
2673, 2376
2673, 2763
2673, 3267
2673, 3276
2673, 3672
2673, 3762
2674, 2467
2674, 2476
2674, 2764
2674, 4267
2674, 4276
2674, 4672
2674, 4762
2675, 2567
2675, 2576
2675, 2765
2676, 2667
2676, 2766
2677, 2767
2677, 2776
2678, 2768
2678, 2867
2678, 2876
2679, 2697
2679, 2769
2679, 2796
2679, 2967
2679, 2976
2681, 1286
2681, 1682
2681, 2186
2682, 2286
2683, 2386
2683, 3286
2683, 3682
2684, 2486
2684, 4286
2684, 4682
2685, 2586
2687, 2786
2688, 2886
2689, 2986
2690, 2960
2691, 1269
2691, 1296
2691, 1692
2691, 1962
2691, 2169
2691, 2196
2691, 2961
2692, 2269
2692, 2296
2692, 2962
2693, 2369
2693, 2396
2693, 2963
2693, 3269
2693, 3296
2693, 3692
2693, 3962
2694, 2469
2694, 2496
2694, 2964
2694, 4269
2694, 4296
2694, 4692
2694, 4962
2695, 2569
2695, 2596
2695, 2965
2696, 2669
2696, 2966
2697, 2679
2697, 2769
2697, 2796
2697, 2967
2697, 2976
2698, 2869
2698, 2896
2698, 2968
2699, 2969
2699, 2996
2701, 1207
2701, 1702
2701, 2107
2702, 2207
2703, 2307
2703, 3207
2703, 3702
2704, 2407
2704, 4207
2704, 4702
2705, 2507
2706, 2607
2708, 2807
2709, 2907
2711, 1712
2714, 2417
2714, 4217
2716, 2617
2719, 2917
2721, 1227
2721, 1722
2721, 2127
2722, 2227
2723, 2327
2723, 3227
2723, 3722
2724, 2427
2724, 4227
2724, 4722
2725, 2527
2726, 2627
2728, 2827
2729, 2927
2731, 1237
2731, 1732
2731, 2137
2732, 2237
2733, 2337
2733, 3237
2733, 3732
2734, 2437
2734, 4237
2734, 4732
2735, 2537
2736, 2637
2738, 2837
2739, 2937
2741, 1247
2741, 1742
2741, 2147
2742, 2247
2743, 2347
2743, 3247
2743, 3742
2744, 2447
2744, 4247
2744, 4742
2745, 2547
2746, 2647
2748, 2847
2749, 2947
2751, 1257
2751, 1752
2751, 2157
2752, 2257
2753, 2357
2753, 3257
2753, 3752
2754, 2457
2754, 4257
2754, 4752
2755, 2557
2756, 2657
2758, 2857
2759, 2957
2760, 2670
2761, 1267
2761, 1276
2761, 1672
2761, 1762
2761, 2167
2761, 2176
2761, 2671
2762, 2267
2762, 2276
2762, 2672
2763, 2367
2763, 2376
2763, 2673
2763, 3267
2763, 3276
2763, 3672
2763, 3762
2764, 2467
2764, 2476
2764, 2674
2764, 4267
2764, 4276
2764, 4672
2764, 4762
2765, 2567
2765, 2576
2765, 2675
2766, 2667
2766, 2676
2767, 2677
2767, 2776
2768, 2678
2768, 2867
2768, 2876
2769, 2679
2769, 2697
2769, 2796
2769, 2967
2769, 2976
2771, 1277
2771, 1772
2771, 2177
2772, 2277
2773, 2377
2773, 3277
2773, 3772
2774, 2477
2774, 4277
2774, 4772
2775, 2577
2776, 2677
2776, 2767
2778, 2877
2779, 2797
2779, 2977
2781, 1287
2781, 1782
2781, 2187
2782, 2287
2783, 2387
2783, 3287
2783, 3782
2784, 2487
2784, 4287
2784, 4782
2785, 2587
2786, 2687
2788, 2887
2789, 2987
2790, 2970
2791, 1279
2791, 1297
2791, 1792
2791, 1972
2791, 2179
2791, 2197
2791, 2971
2792, 2279
2792, 2297
2792, 2972
2793, 2379
2793, 2397
2793, 2973
2793, 3279
2793, 3297
2793, 3792
2793, 3972
2794, 2479
2794, 2497
2794, 2974
2794, 4279
2794, 4297
2794, 4792
2794, 4972
2795, 2579
2795, 2597
2795, 2975
2796, 2679
2796, 2697
2796, 2769
2796, 2967
2796, 2976
2797, 2779
2797, 2977
2798, 2879
2798, 2897
2798, 2978
2799, 2979
2799, 2997
2801, 1208
2801, 1802
2801, 2108
2802, 2208
2803, 2308
2803, 3208
2803, 3802
2804, 2408
2804, 4208
2804, 4802
2805, 2508
2806, 2608
2807, 2708
2809, 2908
2811, 1812
2821, 1228
2821, 1822
2821, 2128
2822, 2228
2823, 2328
2823, 3228
2823, 3822
2824, 2428
2824, 4228
2824, 4822
2825, 2528
2826, 2628
2827, 2728
2829, 2928
2831, 1238
2831, 1832
2831, 2138
2832, 2238
2833, 2338
2833, 3238
2833, 3832
2834, 2438
2834, 4238
2834, 4832
2835, 2538
2836, 2638
2837, 2738
2839, 2938
2841, 1248
2841, 1842
2841, 2148
2842, 2248
2843, 2348
2843, 3248
2843, 3842
2844, 2448
2844, 4248
2844, 4842
2845, 2548
2846, 2648
2847, 2748
2849, 2948
2851, 1258
2851, 1852
2851, 2158
2852, 2258
2853, 2358
2853, 3258
2853, 3852
2854, 2458
2854, 4258
2854, 4852
2855, 2558
2856, 2658
2857, 2758
2859, 2958
2861, 1268
2861, 1862
2861, 2168
2862, 2268
2863, 2368
2863, 3268
2863, 3862
2864, 2468
2864, 4268
2864, 4862
2865, 2568
2866, 2668
2867, 2678
2867, 2768
2867, 2876
2869, 2698
2869, 2896
2869, 2968
2871, 1278
2871, 1872
2871, 2178
2872, 2278
2873, 2378
2873, 3278
2873, 3872
2874, 2478
2874, 4278
2874, 4872
2875, 2578
2876, 2678
2876, 2768
2876, 2867
2877, 2778
2879, 2798
2879, 2897
2879, 2978
2881, 1288
2881, 1882
2881, 2188
2882, 2288
2883, 2388
2883, 3288
2883, 3882
2884, 2488
2884, 4288
2884, 4882
2885, 2588
2886, 2688
2887, 2788
2889, 2988
2891, 1298
2891, 1892
2891, 2198
2892, 2298
2893, 2398
2893, 3298
2893, 3892
2894, 2498
2894, 4298
2894, 4892
2895, 2598
2896, 2698
2896, 2869
2896, 2968
2897, 2798
2897, 2879
2897, 2978
2899, 2998
2901, 1209
2901, 1902
2901, 2109
2902, 2209
2903, 2309
2903, 3209
2903, 3902
2904, 2409
2904, 4209
2904, 4902
2905, 2509
2906, 2609
2907, 2709
2908, 2809
2911, 1912
2914, 2419
2914, 4219
2916, 2619
2917, 2719
2921, 1229
2921, 1922
2921, 2129
2922, 2229
2923, 2329
2923, 3229
2923, 3922
2924, 2429
2924, 4229
2924, 4922
2925, 2529
2926, 2629
2927, 2729
2928, 2829
2931, 1239
2931, 1932
2931, 2139
2932, 2239
2933, 2339
2933, 3239
2933, 3932
2934, 2439
2934, 4239
2934, 4932
2935, 2539
2936, 2639
2937, 2739
2938, 2839
2941, 1249
2941, 1942
2941, 2149
2942, 2249
2943, 2349
2943, 3249
2943, 3942
2944, 2449
2944, 4249
2944, 4942
2945, 2549
2946, 2649
2947, 2749
2948, 2849
2951, 1259
2951, 1952
2951, 2159
2952, 2259
2953, 2359
2953, 3259
2953, 3952
2954, 2459
2954, 4259
2954, 4952
2955, 2559
2956, 2659
2957, 2759
2958, 2859
2960, 2690
2961, 1269
2961, 1296
2961, 1692
2961, 1962
2961, 2169
2961, 2196
2961, 2691
2962, 2269
2962, 2296
2962, 2692
2963, 2369
2963, 2396
2963, 2693
2963, 3269
2963, 3296
2963, 3692
2963, 3962
2964, 2469
2964, 2496
2964, 2694
2964, 4269
2964, 4296
2964, 4692
2964, 4962
2965, 2569
2965, 2596
2965, 2695
2966, 2669
2966, 2696
2967, 2679
2967, 2697
2967, 2769
2967, 2796
2967, 2976
2968, 2698
2968, 2869
2968, 2896
2969, 2699
2969, 2996
2970, 2790
2971, 1279
2971, 1297
2971, 1792
2971, 1972
2971, 2179
2971, 2197
2971, 2791
2972, 2279
2972, 2297
2972, 2792
2973, 2379
2973, 2397
2973, 2793
2973, 3279
2973, 3297
2973, 3792
2973, 3972
2974, 2479
2974, 2497
2974, 2794
2974, 4279
2974, 4297
2974, 4792
2974, 4972
2975, 2579
2975, 2597
2975, 2795
2976, 2679
2976, 2697
2976, 2769
2976, 2796
2976, 2967
2977, 2779
2977, 2797
2978, 2798
2978, 2879
2978, 2897
2979, 2799
2979, 2997
2981, 1289
2981, 1982
2981, 2189
2982, 2289
2983, 2389
2983, 3289
2983, 3982
2984, 2489
2984, 4289
2984, 4982
2985, 2589
2986, 2689
2987, 2789
2988, 2889
2991, 1299
2991, 1992
2991, 2199
2992, 2299
2993, 2399
2993, 3299
2993, 3992
2994, 2499
2994, 4299
2994, 4992
2995, 2599
2996, 2699
2996, 2969
2997, 2799
2997, 2979
2998, 2899
3001, 1003
3002, 2003
3004, 4003
3021, 1023
3022, 2023
3024, 4023
3031, 1033
3032, 2033
3034, 4033
3041, 1043
3042, 2043
3044, 4043
3051, 1053
3052, 2053
3054, 4053
3061, 1063
3062, 2063
3064, 4063
3067, 3076
3069, 3096
3071, 1073
3072, 2073
3074, 4073
3076, 3067
3079, 3097
3081, 1083
3082, 2083
3084, 4083
3091, 1093
3092, 2093
3094, 4093
3096, 3069
3097, 3079
3100, 1300
3101, 1103
3101, 1301
3102, 1203
3102, 1302
3102, 2103
3102, 2301
3102, 3201
3103, 1303
3103, 3301
3104, 1304
3104, 1403
3104, 3401
3104, 4103
3104, 4301
3105, 1305
3105, 1503
3105, 3501
3106, 1306
3106, 1603
3106, 3601
3107, 1307
3107, 1703
3107, 3701
3108, 1308
3108, 1803
3108, 3801
3109, 1309
3109, 1903
3109, 3901
3110, 1310
3111, 1311
3112, 1312
3112, 2311
3112, 3211
3113, 1313
3114, 1314
3115, 1315
3116, 1316
3117, 1317
3118, 1318
3119, 1319
3120, 1320
3121, 1123
3121, 1321
3122, 1223
3122, 1322
3122, 2123
3122, 2321
3122, 3221
3123, 1323
3123, 3321
3124, 1324
3124, 1423
3124, 3421
3124, 4123
3124, 4321
3125, 1325
3125, 1523
3125, 3521
3126, 1326
3126, 1623
3126, 3621
3127, 1327
3127, 1723
3127, 3721
3128, 1328
3128, 1823
3128, 3821
3129, 1329
3129, 1923
3129, 3921
3130, 1330
3131, 1133
3131, 1331
3132, 1233
3132, 1332
3132, 2133
3132, 2331
3132, 3231
3133, 1333
3133, 3331
3134, 1334
3134, 1433
3134, 3431
3134, 4133
3134, 4331
3135, 1335
3135, 1533
3135, 3531
3136, 1336
3136, 1633
3136, 3631
3137, 1337
3137, 1733
3137, 3731
3138, 1338
3138, 1833
3138, 3831
3139, 1339
3139, 1933
3139, 3931
3140, 1340
3141, 1143
3141, 1341
3142, 1243
3142, 1342
3142, 2143
3142, 2341
3142, 3241
3143, 1343
3143, 3341
3144, 1344
3144, 1443
3144, 3441
3144, 4143
3144, 4341
3145, 1345
3145, 1543
3145, 3541
3146, 1346
3146, 1643
3146, 3641
3147, 1347
3147, 1743
3147, 3741
3148, 1348
3148, 1843
3148, 3841
3149, 1349
3149, 1943
3149, 3941
3150, 1350
3151, 1153
3151, 1351
3152, 1253
3152, 1352
3152, 2153
3152, 2351
3152, 3251
3153, 1353
3153, 3351
3154, 1354
3154, 1453
3154, 3451
3154, 4153
3154, 4351
3155, 1355
3155, 1553
3155, 3551
3156, 1356
3156, 1653
3156, 3651
3157, 1357
3157, 1753
3157, 3751
3158, 1358
3158, 1853
3158, 3851
3159, 1359
3159, 1953
3159, 3951
3160, 1360
3161, 1163
3161, 1361
3162, 1263
3162, 1362
3162, 2163
3162, 2361
3162, 3261
3163, 1363
3163, 3361
3164, 1364
3164, 1463
3164, 3461
3164, 4163
3164, 4361
3165, 1365
3165, 1563
3165, 3561
3166, 1366
3166, 1663
3166, 3661
3167, 1367
3167, 1376
3167, 1673
3167, 1763
3167, 3176
3167, 3671
3167, 3761
3168, 1368
3168, 1863
3168, 3861
3169, 1369
3169, 1396
3169, 1693
3169, 1963
3169, 3196
3169, 3691
3169, 3961
3170, 1370
3171, 1173
3171, 1371
3172, 1273
3172, 1372
3172, 2173
3172, 2371
3172, 3271
3173, 1373
3173, 3371
3174, 1374
3174, 1473
3174, 3471
3174, 4173
3174, 4371
3175, 1375
3175, 1573
3175, 3571
3176, 1367
3176, 1376
3176, 1673
3176, 1763
3176, 3167
3176, 3671
3176, 3761
3177, 1377
3177, 1773
3177, 3771
3178, 1378
3178, 1873
3178, 3871
3179, 1379
3179, 1397
3179, 1793
3179, 1973
3179, 3197
3179, 3791
3179, 3971
3180, 1380
3181, 1183
3181, 1381
3182, 1283
3182, 1382
3182, 2183
3182, 2381
3182, 3281
3183, 1383
3183, 3381
3184, 1384
3184, 1483
3184, 3481
3184, 4183
3184, 4381
3185, 1385
3185, 1583
3185, 3581
3186, 1386
3186, 1683
3186, 3681
3187, 1387
3187, 1783
3187, 3781
3188, 1388
3188, 1883
3188, 3881
3189, 1389
3189, 1983
3189, 3981
3190, 1390
3191, 1193
3191, 1391
3192, 1293
3192, 1392
3192, 2193
3192, 2391
3192, 3291
3193, 1393
3193, 3391
3194, 1394
3194, 1493
3194, 3491
3194, 4193
3194, 4391
3195, 1395
3195, 1593
3195, 3591
3196, 1369
3196, 1396
3196, 1693
3196, 1963
3196, 3169
3196, 3691
3196, 3961
3197, 1379
3197, 1397
3197, 1793
3197, 1973
3197, 3179
3197, 3791
3197, 3971
3198, 1398
3198, 1893
3198, 3891
3199, 1399
3199, 1993
3199, 3991
3200, 2300
3201, 1203
3201, 1302
3201, 2103
3201, 2301
3201, 3102
3202, 2203
3202, 2302
3203, 2303
3203, 3302
3204, 2304
3204, 2403
3204, 3402
3204, 4203
3204, 4302
3205, 2305
3205, 2503
3205, 3502
3206, 2306
3206, 2603
3206, 3602
3207, 2307
3207, 2703
3207, 3702
3208, 2308
3208, 2803
3208, 3802
3209, 2309
3209, 2903
3209, 3902
3210, 2310
3211, 1312
3211, 2311
3211, 3112
3212, 2312
3213, 2313
3214, 2314
3215, 2315
3216, 2316
3217, 2317
3218, 2318
3219, 2319
3220, 2320
3221, 1223
3221, 1322
3221, 2123
3221, 2321
3221, 3122
3222, 2223
3222, 2322
3223, 2323
3223, 3322
3224, 2324
3224, 2423
3224, 3422
3224, 4223
3224, 4322
3225, 2325
3225, 2523
3225, 3522
3226, 2326
3226, 2623
3226, 3622
3227, 2327
3227, 2723
3227, 3722
3228, 2328
3228, 2823
3228, 3822
3229, 2329
3229, 2923
3229, 3922
3230, 2330
3231, 1233
3231, 1332
3231, 2133
3231, 2331
3231, 3132
3232, 2233
3232, 2332
3233, 2333
3233, 3332
3234, 2334
3234, 2433
3234, 3432
3234, 4233
3234, 4332
3235, 2335
3235, 2533
3235, 3532
3236, 2336
3236, 2633
3236, 3632
3237, 2337
3237, 2733
3237, 3732
3238, 2338
3238, 2833
3238, 3832
3239, 2339
3239, 2933
3239, 3932
3240, 2340
3241, 1243
3241, 1342
3241, 2143
3241, 2341
3241, 3142
3242, 2243
3242, 2342
3243, 2343
3243, 3342
3244, 2344
3244, 2443
3244, 3442
3244, 4243
3244, 4342
3245, 2345
3245, 2543
3245, 3542
3246, 2346
3246, 2643
3246, 3642
3247, 2347
3247, 2743
3247, 3742
3248, 2348
3248, 2843
3248, 3842
3249, 2349
3249, 2943
3249, 3942
3250, 2350
3251, 1253
3251, 1352
3251, 2153
3251, 2351
3251, 3152
3252, 2253
3252, 2352
3253, 2353
3253, 3352
3254, 2354
3254, 2453
3254, 3452
3254, 4253
3254, 4352
3255, 2355
3255, 2553
3255, 3552
3256, 2356
3256, 2653
3256, 3652
3257, 2357
3257, 2753
3257, 3752
3258, 2358
3258, 2853
3258, 3852
3259, 2359
3259, 2953
3259, 3952
3260, 2360
3261, 1263
3261, 1362
3261, 2163
3261, 2361
3261, 3162
3262, 2263
3262, 2362
3263, 2363
3263, 3362
3264, 2364
3264, 2463
3264, 3462
3264, 4263
3264, 4362
3265, 2365
3265, 2563
3265, 3562
3266, 2366
3266, 2663
3266, 3662
3267, 2367
3267, 2376
3267, 2673
3267, 2763
3267, 3276
3267, 3672
3267, 3762
3268, 2368
3268, 2863
3268, 3862
3269, 2369
3269, 2396
3269, 2693
3269, 2963
3269, 3296
3269, 3692
3269, 3962
3270, 2370
3271, 1273
3271, 1372
3271, 2173
3271, 2371
3271, 3172
3272, 2273
3272, 2372
3273, 2373
3273, 3372
3274, 2374
3274, 2473
3274, 3472
3274, 4273
3274, 4372
3275, 2375
3275, 2573
3275, 3572
3276, 2367
3276, 2376
3276, 2673
3276, 2763
3276, 3267
3276, 3672
3276, 3762
3277, 2377
3277, 2773
3277, 3772
3278, 2378
3278, 2873
3278, 3872
3279, 2379
3279, 2397
3279, 2793
3279, 2973
3279, 3297
3279, 3792
3279, 3972
3280, 2380
3281, 1283
3281, 1382
3281, 2183
3281, 2381
3281, 3182
3282, 2283
3282, 2382
3283, 2383
3283, 3382
3284, 2384
3284, 2483
3284, 3482
3284, 4283
3284, 4382
3285, 2385
3285, 2583
3285, 3582
3286, 2386
3286, 2683
3286, 3682
3287, 2387
3287, 2783
3287, 3782
3288, 2388
3288, 2883
3288, 3882
3289, 2389
3289, 2983
3289, 3982
3290, 2390
3291, 1293
3291, 1392
3291, 2193
3291, 2391
3291, 3192
3292, 2293
3292, 2392
3293, 2393
3293, 3392
3294, 2394
3294, 2493
3294, 3492
3294, 4293
3294, 4392
3295, 2395
3295, 2593
3295, 3592
3296, 2369
3296, 2396
3296, 2693
3296, 2963
3296, 3269
3296, 3692
3296, 3962
3297, 2379
3297, 2397
3297, 2793
3297, 2973
3297, 3279
3297, 3792
3297, 3972
3298, 2398
3298, 2893
3298, 3892
3299, 2399
3299, 2993
3299, 3992
3301, 1303
3301, 3103
3302, 2303
3302, 3203
3304, 3403
3304, 4303
3305, 3503
3306, 3603
3307, 3703
3308, 3803
3309, 3903
3321, 1323
3321, 3123
3322, 2323
3322, 3223
3324, 3423
3324, 4323
3325, 3523
3326, 3623
3327, 3723
3328, 3823
3329, 3923
3331, 1333
3331, 3133
3332, 2333
3332, 3233
3334, 3433
3334, 4333
3335, 3533
3336, 3633
3337, 3733
3338, 3833
3339, 3933
3341, 1343
3341, 3143
3342, 2343
3342, 3243
3344, 3443
3344, 4343
3345, 3543
3346, 3643
3347, 3743
3348, 3843
3349, 3943
3351, 1353
3351, 3153
3352, 2353
3352, 3253
3354, 3453
3354, 4353
3355, 3553
3356, 3653
3357, 3753
3358, 3853
3359, 3953
3361, 1363
3361, 3163
3362, 2363
3362, 3263
3364, 3463
3364, 4363
3365, 3563
3366, 3663
3367, 3376
3367, 3673
3367, 3763
3368, 3863
3369, 3396
3369, 3693
3369, 3963
3371, 1373
3371, 3173
3372, 2373
3372, 3273
3374, 3473
3374, 4373
3375, 3573
3376, 3367
3376, 3673
3376, 3763
3377, 3773
3378, 3873
3379, 3397
3379, 3793
3379, 3973
3381, 1383
3381, 3183
3382, 2383
3382, 3283
3384, 3483
3384, 4383
3385, 3583
3386, 3683
3387, 3783
3388, 3883
3389, 3983
3391, 1393
3391, 3193
3392, 2393
3392, 3293
3394, 3493
3394, 4393
3395, 3593
3396, 3369
3396, 3693
3396, 3963
3397, 3379
3397, 3793
3397, 3973
3398, 3893
3399, 3993
3400, 4300
3401, 1304
3401, 1403
3401, 3104
3401, 4103
3401, 4301
3402, 2304
3402, 2403
3402, 3204
3402, 4203
3402, 4302
3403, 3304
3403, 4303
3404, 4304
3404, 4403
3405, 3504
3405, 4305
3405, 4503
3406, 3604
3406, 4306
3406, 4603
3407, 3704
3407, 4307
3407, 4703
3408, 3804
3408, 4308
3408, 4803
3409, 3904
3409, 4309
3409, 4903
3410, 4310
3411, 4311
3412, 4312
3413, 4313
3414, 4314
3415, 4315
3416, 3614
3416, 4316
3417, 3714
3417, 4317
3418, 4318
3419, 3914
3419, 4319
3420, 4320
3421, 1324
3421, 1423
3421, 3124
3421, 4123
3421, 4321
3422, 2324
3422, 2423
3422, 3224
3422, 4223
3422, 4322
3423, 3324
3423, 4323
3424, 4324
3424, 4423
3425, 3524
3425, 4325
3425, 4523
3426, 3624
3426, 4326
3426, 4623
3427, 3724
3427, 4327
3427, 4723
3428, 3824
3428, 4328
3428, 4823
3429, 3924
3429, 4329
3429, 4923
3430, 4330
3431, 1334
3431, 1433
3431, 3134
3431, 4133
3431, 4331
3432, 2334
3432, 2433
3432, 3234
3432, 4233
3432, 4332
3433, 3334
3433, 4333
3434, 4334
3434, 4433
3435, 3534
3435, 4335
3435, 4533
3436, 3634
3436, 4336
3436, 4633
3437, 3734
3437, 4337
3437, 4733
3438, 3834
3438, 4338
3438, 4833
3439, 3934
3439, 4339
3439, 4933
3440, 4340
3441, 1344
3441, 1443
3441, 3144
3441, 4143
3441, 4341
3442, 2344
3442, 2443
3442, 3244
3442, 4243
3442, 4342
3443, 3344
3443, 4343
3444, 4344
3444, 4443
3445, 3544
3445, 4345
3445, 4543
3446, 3644
3446, 4346
3446, 4643
3447, 3744
3447, 4347
3447, 4743
3448, 3844
3448, 4348
3448, 4843
3449, 3944
3449, 4349
3449, 4943
3450, 4350
3451, 1354
3451, 1453
3451, 3154
3451, 4153
3451, 4351
3452, 2354
3452, 2453
3452, 3254
3452, 4253
3452, 4352
3453, 3354
3453, 4353
3454, 4354
3454, 4453
3455, 3554
3455, 4355
3455, 4553
3456, 3654
3456, 4356
3456, 4653
3457, 3754
3457, 4357
3457, 4753
3458, 3854
3458, 4358
3458, 4853
3459, 3954
3459, 4359
3459, 4953
3460, 4360
3461, 1364
3461, 1463
3461, 3164
3461, 4163
3461, 4361
3462, 2364
3462, 2463
3462, 3264
3462, 4263
3462, 4362
3463, 3364
3463, 4363
3464, 4364
3464, 4463
3465, 3564
3465, 4365
3465, 4563
3466, 3664
3466, 4366
3466, 4663
3467, 3476
3467, 3674
3467, 3764
3467, 4367
3467, 4376
3467, 4673
3467, 4763
3468, 3864
3468, 4368
3468, 4863
3469, 3496
3469, 3694
3469, 3964
3469, 4369
3469, 4396
3469, 4693
3469, 4963
3470, 4370
3471, 1374
3471, 1473
3471, 3174
3471, 4173
3471, 4371
3472, 2374
3472, 2473
3472, 3274
3472, 4273
3472, 4372
3473, 3374
3473, 4373
3474, 4374
3474, 4473
3475, 3574
3475, 4375
3475, 4573
3476, 3467
3476, 3674
3476, 3764
3476, 4367
3476, 4376
3476, 4673
3476, 4763
3477, 3774
3477, 4377
3477, 4773
3478, 3874
3478, 4378
3478, 4873
3479, 3497
3479, 3794
3479, 3974
3479, 4379
3479, 4397
3479, 4793
3479, 4973
3480, 4380
3481, 1384
3481, 1483
3481, 3184
3481, 4183
3481, 4381
3482, 2384
3482, 2483
3482, 3284
3482, 4283
3482, 4382
3483, 3384
3483, 4383
3484, 4384
3484, 4483
3485, 3584
3485, 4385
3485, 4583
3486, 3684
3486, 4386
3486, 4683
3487, 3784
3487, 4387
3487, 4783
3488, 3884
3488, 4388
3488, 4883
3489, 3984
3489, 4389
3489, 4983
3490, 4390
3491, 1394
3491, 1493
3491, 3194
3491, 4193
3491, 4391
3492, 2394
3492, 2493
3492, 3294
3492, 4293
3492, 4392
3493, 3394
3493, 4393
3494, 4394
3494, 4493
3495, 3594
3495, 4395
3495, 4593
3496, 3469
3496, 3694
3496, 3964
3496, 4369
3496, 4396
3496, 4693
3496, 4963
3497, 3479
3497, 3794
3497, 3974
3497, 4379
3497, 4397
3497, 4793
3497, 4973
3498, 3894
3498, 4398
3498, 4893
3499, 3994
3499, 4399
3499, 4993
3501, 1305
3501, 1503
3501, 3105
3502, 2305
3502, 2503
3502, 3205
3503, 3305
3504, 3405
3504, 4305
3504, 4503
3506, 3605
3507, 3705
3508, 3805
3509, 3905
3521, 1325
3521, 1523
3521, 3125
3522, 2325
3522, 2523
3522, 3225
3523, 3325
3524, 3425
3524, 4325
3524, 4523
3526, 3625
3527, 3725
3528, 3825
3529, 3925
3531, 1335
3531, 1533
3531, 3135
3532, 2335
3532, 2533
3532, 3235
3533, 3335
3534, 3435
3534, 4335
3534, 4533
3536, 3635
3537, 3735
3538, 3835
3539, 3935
3541, 1345
3541, 1543
3541, 3145
3542, 2345
3542, 2543
3542, 3245
3543, 3345
3544, 3445
3544, 4345
3544, 4543
3546, 3645
3547, 3745
3548, 3845
3549, 3945
3551, 1355
3551, 1553
3551, 3155
3552, 2355
3552, 2553
3552, 3255
3553, 3355
3554, 3455
3554, 4355
3554, 4553
3556, 3655
3557, 3755
3558, 3855
3559, 3955
3561, 1365
3561, 1563
3561, 3165
3562, 2365
3562, 2563
3562, 3265
3563, 3365
3564, 3465
3564, 4365
3564, 4563
3566, 3665
3567, 3576
3567, 3675
3567, 3765
3568, 3865
3569, 3596
3569, 3695
3569, 3965
3571, 1375
3571, 1573
3571, 3175
3572, 2375
3572, 2573
3572, 3275
3573, 3375
3574, 3475
3574, 4375
3574, 4573
3576, 3567
3576, 3675
3576, 3765
3577, 3775
3578, 3875
3579, 3597
3579, 3795
3579, 3975
3581, 1385
3581, 1583
3581, 3185
3582, 2385
3582, 2583
3582, 3285
3583, 3385
3584, 3485
3584, 4385
3584, 4583
3586, 3685
3587, 3785
3588, 3885
3589, 3985
3591, 1395
3591, 1593
3591, 3195
3592, 2395
3592, 2593
3592, 3295
3593, 3395
3594, 3495
3594, 4395
3594, 4593
3596, 3569
3596, 3695
3596, 3965
3597, 3579
3597, 3795
3597, 3975
3598, 3895
3599, 3995
3601, 1306
3601, 1603
3601, 3106
3602, 2306
3602, 2603
3602, 3206
3603, 3306
3604, 3406
3604, 4306
3604, 4603
3605, 3506
3607, 3706
3608, 3806
3609, 3906
3614, 3416
3614, 4316
3617, 3716
3619, 3916
3621, 1326
3621, 1623
3621, 3126
3622, 2326
3622, 2623
3622, 3226
3623, 3326
3624, 3426
3624, 4326
3624, 4623
3625, 3526
3627, 3726
3628, 3826
3629, 3926
3631, 1336
3631, 1633
3631, 3136
3632, 2336
3632, 2633
3632, 3236
3633, 3336
3634, 3436
3634, 4336
3634, 4633
3635, 3536
3637, 3736
3638, 3836
3639, 3936
3641, 1346
3641, 1643
3641, 3146
3642, 2346
3642, 2643
3642, 3246
3643, 3346
3644, 3446
3644, 4346
3644, 4643
3645, 3546
3647, 3746
3648, 3846
3649, 3946
3651, 1356
3651, 1653
3651, 3156
3652, 2356
3652, 2653
3652, 3256
3653, 3356
3654, 3456
3654, 4356
3654, 4653
3655, 3556
3657, 3756
3658, 3856
3659, 3956
3661, 1366
3661, 1663
3661, 3166
3662, 2366
3662, 2663
3662, 3266
3663, 3366
3664, 3466
3664, 4366
3664, 4663
3665, 3566
3667, 3676
3667, 3766
3668, 3866
3669, 3696
3669, 3966
3670, 3760
3671, 1367
3671, 1376
3671, 1673
3671, 1763
3671, 3167
3671, 3176
3671, 3761
3672, 2367
3672, 2376
3672, 2673
3672, 2763
3672, 3267
3672, 3276
3672, 3762
3673, 3367
3673, 3376
3673, 3763
3674, 3467
3674, 3476
3674, 3764
3674, 4367
3674, 4376
3674, 4673
3674, 4763
3675, 3567
3675, 3576
3675, 3765
3676, 3667
3676, 3766
3677, 3767
3677, 3776
3678, 3768
3678, 3867
3678, 3876
3679, 3697
3679, 3769
3679, 3796
3679, 3967
3679, 3976
3681, 1386
3681, 1683
3681, 3186
3682, 2386
3682, 2683
3682, 3286
3683, 3386
3684, 3486
3684, 4386
3684, 4683
3685, 3586
3687, 3786
3688, 3886
3689, 3986
3690, 3960
3691, 1369
3691, 1396
3691, 1693
3691, 1963
3691, 3169
3691, 3196
3691, 3961
3692, 2369
3692, 2396
3692, 2693
3692, 2963
3692, 3269
3692, 3296
3692, 3962
3693, 3369
3693, 3396
3693, 3963
3694, 3469
3694, 3496
3694, 3964
3694, 4369
3694, 4396
3694, 4693
3694, 4963
3695, 3569
3695, 3596
3695, 3965
3696, 3669
3696, 3966
3697, 3679
3697, 3769
3697, 3796
3697, 3967
3697, 3976
3698, 3869
3698, 3896
3698, 3968
3699, 3969
3699, 3996
3701, 1307
3701, 1703
3701, 3107
3702, 2307
3702, 2703
3702, 3207
3703, 3307
3704, 3407
3704, 4307
3704, 4703
3705, 3507
3706, 3607
3708, 3807
3709, 3907
3714, 3417
3714, 4317
3716, 3617
3719, 3917
3721, 1327
3721, 1723
3721, 3127
3722, 2327
3722, 2723
3722, 3227
3723, 3327
3724, 3427
3724, 4327
3724, 4723
3725, 3527
3726, 3627
3728, 3827
3729, 3927
3731, 1337
3731, 1733
3731, 3137
3732, 2337
3732, 2733
3732, 3237
3733, 3337
3734, 3437
3734, 4337
3734, 4733
3735, 3537
3736, 3637
3738, 3837
3739, 3937
3741, 1347
3741, 1743
3741, 3147
3742, 2347
3742, 2743
3742, 3247
3743, 3347
3744, 3447
3744, 4347
3744, 4743
3745, 3547
3746, 3647
3748, 3847
3749, 3947
3751, 1357
3751, 1753
3751, 3157
3752, 2357
3752, 2753
3752, 3257
3753, 3357
3754, 3457
3754, 4357
3754, 4753
3755, 3557
3756, 3657
3758, 3857
3759, 3957
3760, 3670
3761, 1367
3761, 1376
3761, 1673
3761, 1763
3761, 3167
3761, 3176
3761, 3671
3762, 2367
3762, 2376
3762, 2673
3762, 2763
3762, 3267
3762, 3276
3762, 3672
3763, 3367
3763, 3376
3763, 3673
3764, 3467
3764, 3476
3764, 3674
3764, 4367
3764, 4376
3764, 4673
3764, 4763
3765, 3567
3765, 3576
3765, 3675
3766, 3667
3766, 3676
3767, 3677
3767, 3776
3768, 3678
3768, 3867
3768, 3876
3769, 3679
3769, 3697
3769, 3796
3769, 3967
3769, 3976
3771, 1377
3771, 1773
3771, 3177
3772, 2377
3772, 2773
3772, 3277
3773, 3377
3774, 3477
3774, 4377
3774, 4773
3775, 3577
3776, 3677
3776, 3767
3778, 3877
3779, 3797
3779, 3977
3781, 1387
3781, 1783
3781, 3187
3782, 2387
3782, 2783
3782, 3287
3783, 3387
3784, 3487
3784, 4387
3784, 4783
3785, 3587
3786, 3687
3788, 3887
3789, 3987
3790, 3970
3791, 1379
3791, 1397
3791, 1793
3791, 1973
3791, 3179
3791, 3197
3791, 3971
3792, 2379
3792, 2397
3792, 2793
3792, 2973
3792, 3279
3792, 3297
3792, 3972
3793, 3379
3793, 3397
3793, 3973
3794, 3479
3794, 3497
3794, 3974
3794, 4379
3794, 4397
3794, 4793
3794, 4973
3795, 3579
3795, 3597
3795, 3975
3796, 3679
3796, 3697
3796, 3769
3796, 3967
3796, 3976
3797, 3779
3797, 3977
3798, 3879
3798, 3897
3798, 3978
3799, 3979
3799, 3997
3801, 1308
3801, 1803
3801, 3108
3802, 2308
3802, 2803
3802, 3208
3803, 3308
3804, 3408
3804, 4308
3804, 4803
3805, 3508
3806, 3608
3807, 3708
3809, 3908
3821, 1328
3821, 1823
3821, 3128
3822, 2328
3822, 2823
3822, 3228
3823, 3328
3824, 3428
3824, 4328
3824, 4823
3825, 3528
3826, 3628
3827, 3728
3829, 3928
3831, 1338
3831, 1833
3831, 3138
3832, 2338
3832, 2833
3832, 3238
3833, 3338
3834, 3438
3834, 4338
3834, 4833
3835, 3538
3836, 3638
3837, 3738
3839, 3938
3841, 1348
3841, 1843
3841, 3148
3842, 2348
3842, 2843
3842, 3248
3843, 3348
3844, 3448
3844, 4348
3844, 4843
3845, 3548
3846, 3648
3847, 3748
3849, 3948
3851, 1358
3851, 1853
3851, 3158
3852, 2358
3852, 2853
3852, 3258
3853, 3358
3854, 3458
3854, 4358
3854, 4853
3855, 3558
3856, 3658
3857, 3758
3859, 3958
3861, 1368
3861, 1863
3861, 3168
3862, 2368
3862, 2863
3862, 3268
3863, 3368
3864, 3468
3864, 4368
3864, 4863
3865, 3568
3866, 3668
3867, 3678
3867, 3768
3867, 3876
3869, 3698
3869, 3896
3869, 3968
3871, 1378
3871, 1873
3871, 3178
3872, 2378
3872, 2873
3872, 3278
3873, 3378
3874, 3478
3874, 4378
3874, 4873
3875, 3578
3876, 3678
3876, 3768
3876, 3867
3877, 3778
3879, 3798
3879, 3897
3879, 3978
3881, 1388
3881, 1883
3881, 3188
3882, 2388
3882, 2883
3882, 3288
3883, 3388
3884, 3488
3884, 4388
3884, 4883
3885, 3588
3886, 3688
3887, 3788
3889, 3988
3891, 1398
3891, 1893
3891, 3198
3892, 2398
3892, 2893
3892, 3298
3893, 3398
3894, 3498
3894, 4398
3894, 4893
3895, 3598
3896, 3698
3896, 3869
3896, 3968
3897, 3798
3897, 3879
3897, 3978
3899, 3998
3901, 1309
3901, 1903
3901, 3109
3902, 2309
3902, 2903
3902, 3209
3903, 3309
3904, 3409
3904, 4309
3904, 4903
3905, 3509
3906, 3609
3907, 3709
3908, 3809
3914, 3419
3914, 4319
3916, 3619
3917, 3719
3921, 1329
3921, 1923
3921, 3129
3922, 2329
3922, 2923
3922, 3229
3923, 3329
3924, 3429
3924, 4329
3924, 4923
3925, 3529
3926, 3629
3927, 3729
3928, 3829
3931, 1339
3931, 1933
3931, 3139
3932, 2339
3932, 2933
3932, 3239
3933, 3339
3934, 3439
3934, 4339
3934, 4933
3935, 3539
3936, 3639
3937, 3739
3938, 3839
3941, 1349
3941, 1943
3941, 3149
3942, 2349
3942, 2943
3942, 3249
3943, 3349
3944, 3449
3944, 4349
3944, 4943
3945, 3549
3946, 3649
3947, 3749
3948, 3849
3951, 1359
3951, 1953
3951, 3159
3952, 2359
3952, 2953
3952, 3259
3953, 3359
3954, 3459
3954, 4359
3954, 4953
3955, 3559
3956, 3659
3957, 3759
3958, 3859
3960, 3690
3961, 1369
3961, 1396
3961, 1693
3961, 1963
3961, 3169
3961, 3196
3961, 3691
3962, 2369
3962, 2396
3962, 2693
3962, 2963
3962, 3269
3962, 3296
3962, 3692
3963, 3369
3963, 3396
3963, 3693
3964, 3469
3964, 3496
3964, 3694
3964, 4369
3964, 4396
3964, 4693
3964, 4963
3965, 3569
3965, 3596
3965, 3695
3966, 3669
3966, 3696
3967, 3679
3967, 3697
3967, 3769
3967, 3796
3967, 3976
3968, 3698
3968, 3869
3968, 3896
3969, 3699
3969, 3996
3970, 3790
3971, 1379
3971, 1397
3971, 1793
3971, 1973
3971, 3179
3971, 3197
3971, 3791
3972, 2379
3972, 2397
3972, 2793
3972, 2973
3972, 3279
3972, 3297
3972, 3792
3973, 3379
3973, 3397
3973, 3793
3974, 3479
3974, 3497
3974, 3794
3974, 4379
3974, 4397
3974, 4793
3974, 4973
3975, 3579
3975, 3597
3975, 3795
3976, 3679
3976, 3697
3976, 3769
3976, 3796
3976, 3967
3977, 3779
3977, 3797
3978, 3798
3978, 3879
3978, 3897
3979, 3799
3979, 3997
3981, 1389
3981, 1983
3981, 3189
3982, 2389
3982, 2983
3982, 3289
3983, 3389
3984, 3489
3984, 4389
3984, 4983
3985, 3589
3986, 3689
3987, 3789
3988, 3889
3991, 1399
3991, 1993
3991, 3199
3992, 2399
3992, 2993
3992, 3299
3993, 3399
3994, 3499
3994, 4399
3994, 4993
3995, 3599
3996, 3699
3996, 3969
3997, 3799
3997, 3979
3998, 3899
4001, 1004
4002, 2004
4003, 3004
4021, 1024
4022, 2024
4023, 3024
4031, 1034
4032, 2034
4033, 3034
4041, 1044
4042, 2044
4043, 3044
4051, 1054
4052, 2054
4053, 3054
4061, 1064
4062, 2064
4063, 3064
4067, 4076
4069, 4096
4071, 1074
4072, 2074
4073, 3074
4076, 4067
4079, 4097
4081, 1084
4082, 2084
4083, 3084
4091, 1094
4092, 2094
4093, 3094
4096, 4069
4097, 4079
4100, 1400
4101, 1104
4101, 1401
4102, 1204
4102, 1402
4102, 2104
4102, 2401
4102, 4201
4103, 1304
4103, 1403
4103, 3104
4103, 3401
4103, 4301
4104, 1404
4104, 4401
4105, 1405
4105, 1504
4105, 4501
4106, 1406
4106, 1604
4106, 4601
4107, 1407
4107, 1704
4107, 4701
4108, 1408
4108, 1804
4108, 4801
4109, 1409
4109, 1904
4109, 4901
4110, 1410
4111, 1411
4112, 1412
4112, 2411
4112, 4211
4113, 1413
4114, 1414
4115, 1415
4116, 1416
4116, 1614
4117, 1417
4117, 1714
4118, 1418
4119, 1419
4119, 1914
4120, 1420
4121, 1124
4121, 1421
4122, 1224
4122, 1422
4122, 2124
4122, 2421
4122, 4221
4123, 1324
4123, 1423
4123, 3124
4123, 3421
4123, 4321
4124, 1424
4124, 4421
4125, 1425
4125, 1524
4125, 4521
4126, 1426
4126, 1624
4126, 4621
4127, 1427
4127, 1724
4127, 4721
4128, 1428
4128, 1824
4128, 4821
4129, 1429
4129, 1924
4129, 4921
4130, 1430
4131, 1134
4131, 1431
4132, 1234
4132, 1432
4132, 2134
4132, 2431
4132, 4231
4133, 1334
4133, 1433
4133, 3134
4133, 3431
4133, 4331
4134, 1434
4134, 4431
4135, 1435
4135, 1534
4135, 4531
4136, 1436
4136, 1634
4136, 4631
4137, 1437
4137, 1734
4137, 4731
4138, 1438
4138, 1834
4138, 4831
4139, 1439
4139, 1934
4139, 4931
4140, 1440
4141, 1144
4141, 1441
4142, 1244
4142, 1442
4142, 2144
4142, 2441
4142, 4241
4143, 1344
4143, 1443
4143, 3144
4143, 3441
4143, 4341
4144, 1444
4144, 4441
4145, 1445
4145, 1544
4145, 4541
4146, 1446
4146, 1644
4146, 4641
4147, 1447
4147, 1744
4147, 4741
4148, 1448
4148, 1844
4148, 4841
4149, 1449
4149, 1944
4149, 4941
4150, 1450
4151, 1154
4151, 1451
4152, 1254
4152, 1452
4152, 2154
4152, 2451
4152, 4251
4153, 1354
4153, 1453
4153, 3154
4153, 3451
4153, 4351
4154, 1454
4154, 4451
4155, 1455
4155, 1554
4155, 4551
4156, 1456
4156, 1654
4156, 4651
4157, 1457
4157, 1754
4157, 4751
4158, 1458
4158, 1854
4158, 4851
4159, 1459
4159, 1954
4159, 4951
4160, 1460
4161, 1164
4161, 1461
4162, 1264
4162, 1462
4162, 2164
4162, 2461
4162, 4261
4163, 1364
4163, 1463
4163, 3164
4163, 3461
4163, 4361
4164, 1464
4164, 4461
4165, 1465
4165, 1564
4165, 4561
4166, 1466
4166, 1664
4166, 4661
4167, 1467
4167, 1476
4167, 1674
4167, 1764
4167, 4176
4167, 4671
4167, 4761
4168, 1468
4168, 1864
4168, 4861
4169, 1469
4169, 1496
4169, 1694
4169, 1964
4169, 4196
4169, 4691
4169, 4961
4170, 1470
4171, 1174
4171, 1471
4172, 1274
4172, 1472
4172, 2174
4172, 2471
4172, 4271
4173, 1374
4173, 1473
4173, 3174
4173, 3471
4173, 4371
4174, 1474
4174, 4471
4175, 1475
4175, 1574
4175, 4571
4176, 1467
4176, 1476
4176, 1674
4176, 1764
4176, 4167
4176, 4671
4176, 4761
4177, 1477
4177, 1774
4177, 4771
4178, 1478
4178, 1874
4178, 4871
4179, 1479
4179, 1497
4179, 1794
4179, 1974
4179, 4197
4179, 4791
4179, 4971
4180, 1480
4181, 1184
4181, 1481
4182, 1284
4182, 1482
4182, 2184
4182, 2481
4182, 4281
4183, 1384
4183, 1483
4183, 3184
4183, 3481
4183, 4381
4184, 1484
4184, 4481
4185, 1485
4185, 1584
4185, 4581
4186, 1486
4186, 1684
4186, 4681
4187, 1487
4187, 1784
4187, 4781
4188, 1488
4188, 1884
4188, 4881
4189, 1489
4189, 1984
4189, 4981
4190, 1490
4191, 1194
4191, 1491
4192, 1294
4192, 1492
4192, 2194
4192, 2491
4192, 4291
4193, 1394
4193, 1493
4193, 3194
4193, 3491
4193, 4391
4194, 1494
4194, 4491
4195, 1495
4195, 1594
4195, 4591
4196, 1469
4196, 1496
4196, 1694
4196, 1964
4196, 4169
4196, 4691
4196, 4961
4197, 1479
4197, 1497
4197, 1794
4197, 1974
4197, 4179
4197, 4791
4197, 4971
4198, 1498
4198, 1894
4198, 4891
4199, 1499
4199, 1994
4199, 4991
4200, 2400
4201, 1204
4201, 1402
4201, 2104
4201, 2401
4201, 4102
4202, 2204
4202, 2402
4203, 2304
4203, 2403
4203, 3204
4203, 3402
4203, 4302
4204, 2404
4204, 4402
4205, 2405
4205, 2504
4205, 4502
4206, 2406
4206, 2604
4206, 4602
4207, 2407
4207, 2704
4207, 4702
4208, 2408
4208, 2804
4208, 4802
4209, 2409
4209, 2904
4209, 4902
4210, 2410
4211, 1412
4211, 2411
4211, 4112
4212, 2412
4213, 2413
4214, 2414
4215, 2415
4216, 2416
4216, 2614
4217, 2417
4217, 2714
4218, 2418
4219, 2419
4219, 2914
4220, 2420
4221, 1224
4221, 1422
4221, 2124
4221, 2421
4221, 4122
4222, 2224
4222, 2422
4223, 2324
4223, 2423
4223, 3224
4223, 3422
4223, 4322
4224, 2424
4224, 4422
4225, 2425
4225, 2524
4225, 4522
4226, 2426
4226, 2624
4226, 4622
4227, 2427
4227, 2724
4227, 4722
4228, 2428
4228, 2824
4228, 4822
4229, 2429
4229, 2924
4229, 4922
4230, 2430
4231, 1234
4231, 1432
4231, 2134
4231, 2431
4231, 4132
4232, 2234
4232, 2432
4233, 2334
4233, 2433
4233, 3234
4233, 3432
4233, 4332
4234, 2434
4234, 4432
4235, 2435
4235, 2534
4235, 4532
4236, 2436
4236, 2634
4236, 4632
4237, 2437
4237, 2734
4237, 4732
4238, 2438
4238, 2834
4238, 4832
4239, 2439
4239, 2934
4239, 4932
4240, 2440
4241, 1244
4241, 1442
4241, 2144
4241, 2441
4241, 4142
4242, 2244
4242, 2442
4243, 2344
4243, 2443
4243, 3244
4243, 3442
4243, 4342
4244, 2444
4244, 4442
4245, 2445
4245, 2544
4245, 4542
4246, 2446
4246, 2644
4246, 4642
4247, 2447
4247, 2744
4247, 4742
4248, 2448
4248, 2844
4248, 4842
4249, 2449
4249, 2944
4249, 4942
4250, 2450
4251, 1254
4251, 1452
4251, 2154
4251, 2451
4251, 4152
4252, 2254
4252, 2452
4253, 2354
4253, 2453
4253, 3254
4253, 3452
4253, 4352
4254, 2454
4254, 4452
4255, 2455
4255, 2554
4255, 4552
4256, 2456
4256, 2654
4256, 4652
4257, 2457
4257, 2754
4257, 4752
4258, 2458
4258, 2854
4258, 4852
4259, 2459
4259, 2954
4259, 4952
4260, 2460
4261, 1264
4261, 1462
4261, 2164
4261, 2461
4261, 4162
4262, 2264
4262, 2462
4263, 2364
4263, 2463
4263, 3264
4263, 3462
4263, 4362
4264, 2464
4264, 4462
4265, 2465
4265, 2564
4265, 4562
4266, 2466
4266, 2664
4266, 4662
4267, 2467
4267, 2476
4267, 2674
4267, 2764
4267, 4276
4267, 4672
4267, 4762
4268, 2468
4268, 2864
4268, 4862
4269, 2469
4269, 2496
4269, 2694
4269, 2964
4269, 4296
4269, 4692
4269, 4962
4270, 2470
4271, 1274
4271, 1472
4271, 2174
4271, 2471
4271, 4172
4272, 2274
4272, 2472
4273, 2374
4273, 2473
4273, 3274
4273, 3472
4273, 4372
4274, 2474
4274, 4472
4275, 2475
4275, 2574
4275, 4572
4276, 2467
4276, 2476
4276, 2674
4276, 2764
4276, 4267
4276, 4672
4276, 4762
4277, 2477
4277, 2774
4277, 4772
4278, 2478
4278, 2874
4278, 4872
4279, 2479
4279, 2497
4279, 2794
4279, 2974
4279, 4297
4279, 4792
4279, 4972
4280, 2480
4281, 1284
4281, 1482
4281, 2184
4281, 2481
4281, 4182
4282, 2284
4282, 2482
4283, 2384
4283, 2483
4283, 3284
4283, 3482
4283, 4382
4284, 2484
4284, 4482
4285, 2485
4285, 2584
4285, 4582
4286, 2486
4286, 2684
4286, 4682
4287, 2487
4287, 2784
4287, 4782
4288, 2488
4288, 2884
4288, 4882
4289, 2489
4289, 2984
4289, 4982
4290, 2490
4291, 1294
4291, 1492
4291, 2194
4291, 2491
4291, 4192
4292, 2294
4292, 2492
4293, 2394
4293, 2493
4293, 3294
4293, 3492
4293, 4392
4294, 2494
4294, 4492
4295, 2495
4295, 2594
4295, 4592
4296, 2469
4296, 2496
4296, 2694
4296, 2964
4296, 4269
4296, 4692
4296, 4962
4297, 2479
4297, 2497
4297, 2794
4297, 2974
4297, 4279
4297, 4792
4297, 4972
4298, 2498
4298, 2894
4298, 4892
4299, 2499
4299, 2994
4299, 4992
4300, 3400
4301, 1304
4301, 1403
4301, 3104
4301, 3401
4301, 4103
4302, 2304
4302, 2403
4302, 3204
4302, 3402
4302, 4203
4303, 3304
4303, 3403
4304, 3404
4304, 4403
4305, 3405
4305, 3504
4305, 4503
4306, 3406
4306, 3604
4306, 4603
4307, 3407
4307, 3704
4307, 4703
4308, 3408
4308, 3804
4308, 4803
4309, 3409
4309, 3904
4309, 4903
4310, 3410
4311, 3411
4312, 3412
4313, 3413
4314, 3414
4315, 3415
4316, 3416
4316, 3614
4317, 3417
4317, 3714
4318, 3418
4319, 3419
4319, 3914
4320, 3420
4321, 1324
4321, 1423
4321, 3124
4321, 3421
4321, 4123
4322, 2324
4322, 2423
4322, 3224
4322, 3422
4322, 4223
4323, 3324
4323, 3423
4324, 3424
4324, 4423
4325, 3425
4325, 3524
4325, 4523
4326, 3426
4326, 3624
4326, 4623
4327, 3427
4327, 3724
4327, 4723
4328, 3428
4328, 3824
4328, 4823
4329, 3429
4329, 3924
4329, 4923
4330, 3430
4331, 1334
4331, 1433
4331, 3134
4331, 3431
4331, 4133
4332, 2334
4332, 2433
4332, 3234
4332, 3432
4332, 4233
4333, 3334
4333, 3433
4334, 3434
4334, 4433
4335, 3435
4335, 3534
4335, 4533
4336, 3436
4336, 3634
4336, 4633
4337, 3437
4337, 3734
4337, 4733
4338, 3438
4338, 3834
4338, 4833
4339, 3439
4339, 3934
4339, 4933
4340, 3440
4341, 1344
4341, 1443
4341, 3144
4341, 3441
4341, 4143
4342, 2344
4342, 2443
4342, 3244
4342, 3442
4342, 4243
4343, 3344
4343, 3443
4344, 3444
4344, 4443
4345, 3445
4345, 3544
4345, 4543
4346, 3446
4346, 3644
4346, 4643
4347, 3447
4347, 3744
4347, 4743
4348, 3448
4348, 3844
4348, 4843
4349, 3449
4349, 3944
4349, 4943
4350, 3450
4351, 1354
4351, 1453
4351, 3154
4351, 3451
4351, 4153
4352, 2354
4352, 2453
4352, 3254
4352, 3452
4352, 4253
4353, 3354
4353, 3453
4354, 3454
4354, 4453
4355, 3455
4355, 3554
4355, 4553
4356, 3456
4356, 3654
4356, 4653
4357, 3457
4357, 3754
4357, 4753
4358, 3458
4358, 3854
4358, 4853
4359, 3459
4359, 3954
4359, 4953
4360, 3460
4361, 1364
4361, 1463
4361, 3164
4361, 3461
4361, 4163
4362, 2364
4362, 2463
4362, 3264
4362, 3462
4362, 4263
4363, 3364
4363, 3463
4364, 3464
4364, 4463
4365, 3465
4365, 3564
4365, 4563
4366, 3466
4366, 3664
4366, 4663
4367, 3467
4367, 3476
4367, 3674
4367, 3764
4367, 4376
4367, 4673
4367, 4763
4368, 3468
4368, 3864
4368, 4863
4369, 3469
4369, 3496
4369, 3694
4369, 3964
4369, 4396
4369, 4693
4369, 4963
4370, 3470
4371, 1374
4371, 1473
4371, 3174
4371, 3471
4371, 4173
4372, 2374
4372, 2473
4372, 3274
4372, 3472
4372, 4273
4373, 3374
4373, 3473
4374, 3474
4374, 4473
4375, 3475
4375, 3574
4375, 4573
4376, 3467
4376, 3476
4376, 3674
4376, 3764
4376, 4367
4376, 4673
4376, 4763
4377, 3477
4377, 3774
4377, 4773
4378, 3478
4378, 3874
4378, 4873
4379, 3479
4379, 3497
4379, 3794
4379, 3974
4379, 4397
4379, 4793
4379, 4973
4380, 3480
4381, 1384
4381, 1483
4381, 3184
4381, 3481
4381, 4183
4382, 2384
4382, 2483
4382, 3284
4382, 3482
4382, 4283
4383, 3384
4383, 3483
4384, 3484
4384, 4483
4385, 3485
4385, 3584
4385, 4583
4386, 3486
4386, 3684
4386, 4683
4387, 3487
4387, 3784
4387, 4783
4388, 3488
4388, 3884
4388, 4883
4389, 3489
4389, 3984
4389, 4983
4390, 3490
4391, 1394
4391, 1493
4391, 3194
4391, 3491
4391, 4193
4392, 2394
4392, 2493
4392, 3294
4392, 3492
4392, 4293
4393, 3394
4393, 3493
4394, 3494
4394, 4493
4395, 3495
4395, 3594
4395, 4593
4396, 3469
4396, 3496
4396, 3694
4396, 3964
4396, 4369
4396, 4693
4396, 4963
4397, 3479
4397, 3497
4397, 3794
4397, 3974
4397, 4379
4397, 4793
4397, 4973
4398, 3498
4398, 3894
4398, 4893
4399, 3499
4399, 3994
4399, 4993
4401, 1404
4401, 4104
4402, 2404
4402, 4204
4403, 3404
4403, 4304
4405, 4504
4406, 4604
4407, 4704
4408, 4804
4409, 4904
4416, 4614
4417, 4714
4419, 4914
4421, 1424
4421, 4124
4422, 2424
4422, 4224
4423, 3424
4423, 4324
4425, 4524
4426, 4624
4427, 4724
4428, 4824
4429, 4924
4431, 1434
4431, 4134
4432, 2434
4432, 4234
4433, 3434
4433, 4334
4435, 4534
4436, 4634
4437, 4734
4438, 4834
4439, 4934
4441, 1444
4441, 4144
4442, 2444
4442, 4244
4443, 3444
4443, 4344
4445, 4544
4446, 4644
4447, 4744
4448, 4844
4449, 4944
4451, 1454
4451, 4154
4452, 2454
4452, 4254
4453, 3454
4453, 4354
4455, 4554
4456, 4654
4457, 4754
4458, 4854
4459, 4954
4461, 1464
4461, 4164
4462, 2464
4462, 4264
4463, 3464
4463, 4364
4465, 4564
4466, 4664
4467, 4476
4467, 4674
4467, 4764
4468, 4864
4469, 4496
4469, 4694
4469, 4964
4471, 1474
4471, 4174
4472, 2474
4472, 4274
4473, 3474
4473, 4374
4475, 4574
4476, 4467
4476, 4674
4476, 4764
4477, 4774
4478, 4874
4479, 4497
4479, 4794
4479, 4974
4481, 1484
4481, 4184
4482, 2484
4482, 4284
4483, 3484
4483, 4384
4485, 4584
4486, 4684
4487, 4784
4488, 4884
4489, 4984
4491, 1494
4491, 4194
4492, 2494
4492, 4294
4493, 3494
4493, 4394
4495, 4594
4496, 4469
4496, 4694
4496, 4964
4497, 4479
4497, 4794
4497, 4974
4498, 4894
4499, 4994
4501, 1405
4501, 1504
4501, 4105
4502, 2405
4502, 2504
4502, 4205
4503, 3405
4503, 3504
4503, 4305
4504, 4405
4506, 4605
4507, 4705
4508, 4805
4509, 4905
4521, 1425
4521, 1524
4521, 4125
4522, 2425
4522, 2524
4522, 4225
4523, 3425
4523, 3524
4523, 4325
4524, 4425
4526, 4625
4527, 4725
4528, 4825
4529, 4925
4531, 1435
4531, 1534
4531, 4135
4532, 2435
4532, 2534
4532, 4235
4533, 3435
4533, 3534
4533, 4335
4534, 4435
4536, 4635
4537, 4735
4538, 4835
4539, 4935
4541, 1445
4541, 1544
4541, 4145
4542, 2445
4542, 2544
4542, 4245
4543, 3445
4543, 3544
4543, 4345
4544, 4445
4546, 4645
4547, 4745
4548, 4845
4549, 4945
4551, 1455
4551, 1554
4551, 4155
4552, 2455
4552, 2554
4552, 4255
4553, 3455
4553, 3554
4553, 4355
4554, 4455
4556, 4655
4557, 4755
4558, 4855
4559, 4955
4561, 1465
4561, 1564
4561, 4165
4562, 2465
4562, 2564
4562, 4265
4563, 3465
4563, 3564
4563, 4365
4564, 4465
4566, 4665
4567, 4576
4567, 4675
4567, 4765
4568, 4865
4569, 4596
4569, 4695
4569, 4965
4571, 1475
4571, 1574
4571, 4175
4572, 2475
4572, 2574
4572, 4275
4573, 3475
4573, 3574
4573, 4375
4574, 4475
4576, 4567
4576, 4675
4576, 4765
4577, 4775
4578, 4875
4579, 4597
4579, 4795
4579, 4975
4581, 1485
4581, 1584
4581, 4185
4582, 2485
4582, 2584
4582, 4285
4583, 3485
4583, 3584
4583, 4385
4584, 4485
4586, 4685
4587, 4785
4588, 4885
4589, 4985
4591, 1495
4591, 1594
4591, 4195
4592, 2495
4592, 2594
4592, 4295
4593, 3495
4593, 3594
4593, 4395
4594, 4495
4596, 4569
4596, 4695
4596, 4965
4597, 4579
4597, 4795
4597, 4975
4598, 4895
4599, 4995
4601, 1406
4601, 1604
4601, 4106
4602, 2406
4602, 2604
4602, 4206
4603, 3406
4603, 3604
4603, 4306
4604, 4406
4605, 4506
4607, 4706
4608, 4806
4609, 4906
4614, 4416
4617, 4716
4619, 4916
4621, 1426
4621, 1624
4621, 4126
4622, 2426
4622, 2624
4622, 4226
4623, 3426
4623, 3624
4623, 4326
4624, 4426
4625, 4526
4627, 4726
4628, 4826
4629, 4926
4631, 1436
4631, 1634
4631, 4136
4632, 2436
4632, 2634
4632, 4236
4633, 3436
4633, 3634
4633, 4336
4634, 4436
4635, 4536
4637, 4736
4638, 4836
4639, 4936
4641, 1446
4641, 1644
4641, 4146
4642, 2446
4642, 2644
4642, 4246
4643, 3446
4643, 3644
4643, 4346
4644, 4446
4645, 4546
4647, 4746
4648, 4846
4649, 4946
4651, 1456
4651, 1654
4651, 4156
4652, 2456
4652, 2654
4652, 4256
4653, 3456
4653, 3654
4653, 4356
4654, 4456
4655, 4556
4657, 4756
4658, 4856
4659, 4956
4661, 1466
4661, 1664
4661, 4166
4662, 2466
4662, 2664
4662, 4266
4663, 3466
4663, 3664
4663, 4366
4664, 4466
4665, 4566
4667, 4676
4667, 4766
4668, 4866
4669, 4696
4669, 4966
4670, 4760
4671, 1467
4671, 1476
4671, 1674
4671, 1764
4671, 4167
4671, 4176
4671, 4761
4672, 2467
4672, 2476
4672, 2674
4672, 2764
4672, 4267
4672, 4276
4672, 4762
4673, 3467
4673, 3476
4673, 3674
4673, 3764
4673, 4367
4673, 4376
4673, 4763
4674, 4467
4674, 4476
4674, 4764
4675, 4567
4675, 4576
4675, 4765
4676, 4667
4676, 4766
4677, 4767
4677, 4776
4678, 4768
4678, 4867
4678, 4876
4679, 4697
4679, 4769
4679, 4796
4679, 4967
4679, 4976
4681, 1486
4681, 1684
4681, 4186
4682, 2486
4682, 2684
4682, 4286
4683, 3486
4683, 3684
4683, 4386
4684, 4486
4685, 4586
4687, 4786
4688, 4886
4689, 4986
4690, 4960
4691, 1469
4691, 1496
4691, 1694
4691, 1964
4691, 4169
4691, 4196
4691, 4961
4692, 2469
4692, 2496
4692, 2694
4692, 2964
4692, 4269
4692, 4296
4692, 4962
4693, 3469
4693, 3496
4693, 3694
4693, 3964
4693, 4369
4693, 4396
4693, 4963
4694, 4469
4694, 4496
4694, 4964
4695, 4569
4695, 4596
4695, 4965
4696, 4669
4696, 4966
4697, 4679
4697, 4769
4697, 4796
4697, 4967
4697, 4976
4698, 4869
4698, 4896
4698, 4968
4699, 4969
4699, 4996
4701, 1407
4701, 1704
4701, 4107
4702, 2407
4702, 2704
4702, 4207
4703, 3407
4703, 3704
4703, 4307
4704, 4407
4705, 4507
4706, 4607
4708, 4807
4709, 4907
4714, 4417
4716, 4617
4719, 4917
4721, 1427
4721, 1724
4721, 4127
4722, 2427
4722, 2724
4722, 4227
4723, 3427
4723, 3724
4723, 4327
4724, 4427
4725, 4527
4726, 4627
4728, 4827
4729, 4927
4731, 1437
4731, 1734
4731, 4137
4732, 2437
4732, 2734
4732, 4237
4733, 3437
4733, 3734
4733, 4337
4734, 4437
4735, 4537
4736, 4637
4738, 4837
4739, 4937
4741, 1447
4741, 1744
4741, 4147
4742, 2447
4742, 2744
4742, 4247
4743, 3447
4743, 3744
4743, 4347
4744, 4447
4745, 4547
4746, 4647
4748, 4847
4749, 4947
4751, 1457
4751, 1754
4751, 4157
4752, 2457
4752, 2754
4752, 4257
4753, 3457
4753, 3754
4753, 4357
4754, 4457
4755, 4557
4756, 4657
4758, 4857
4759, 4957
4760, 4670
4761, 1467
4761, 1476
4761, 1674
4761, 1764
4761, 4167
4761, 4176
4761, 4671
4762, 2467
4762, 2476
4762, 2674
4762, 2764
4762, 4267
4762, 4276
4762, 4672
4763, 3467
4763, 3476
4763, 3674
4763, 3764
4763, 4367
4763, 4376
4763, 4673
4764, 4467
4764, 4476
4764, 4674
4765, 4567
4765, 4576
4765, 4675
4766, 4667
4766, 4676
4767, 4677
4767, 4776
4768, 4678
4768, 4867
4768, 4876
4769, 4679
4769, 4697
4769, 4796
4769, 4967
4769, 4976
4771, 1477
4771, 1774
4771, 4177
4772, 2477
4772, 2774
4772, 4277
4773, 3477
4773, 3774
4773, 4377
4774, 4477
4775, 4577
4776, 4677
4776, 4767
4778, 4877
4779, 4797
4779, 4977
4781, 1487
4781, 1784
4781, 4187
4782, 2487
4782, 2784
4782, 4287
4783, 3487
4783, 3784
4783, 4387
4784, 4487
4785, 4587
4786, 4687
4788, 4887
4789, 4987
4790, 4970
4791, 1479
4791, 1497
4791, 1794
4791, 1974
4791, 4179
4791, 4197
4791, 4971
4792, 2479
4792, 2497
4792, 2794
4792, 2974
4792, 4279
4792, 4297
4792, 4972
4793, 3479
4793, 3497
4793, 3794
4793, 3974
4793, 4379
4793, 4397
4793, 4973
4794, 4479
4794, 4497
4794, 4974
4795, 4579
4795, 4597
4795, 4975
4796, 4679
4796, 4697
4796, 4769
4796, 4967
4796, 4976
4797, 4779
4797, 4977
4798, 4879
4798, 4897
4798, 4978
4799, 4979
4799, 4997
4801, 1408
4801, 1804
4801, 4108
4802, 2408
4802, 2804
4802, 4208
4803, 3408
4803, 3804
4803, 4308
4804, 4408
4805, 4508
4806, 4608
4807, 4708
4809, 4908
4821, 1428
4821, 1824
4821, 4128
4822, 2428
4822, 2824
4822, 4228
4823, 3428
4823, 3824
4823, 4328
4824, 4428
4825, 4528
4826, 4628
4827, 4728
4829, 4928
4831, 1438
4831, 1834
4831, 4138
4832, 2438
4832, 2834
4832, 4238
4833, 3438
4833, 3834
4833, 4338
4834, 4438
4835, 4538
4836, 4638
4837, 4738
4839, 4938
4841, 1448
4841, 1844
4841, 4148
4842, 2448
4842, 2844
4842, 4248
4843, 3448
4843, 3844
4843, 4348
4844, 4448
4845, 4548
4846, 4648
4847, 4748
4849, 4948
4851, 1458
4851, 1854
4851, 4158
4852, 2458
4852, 2854
4852, 4258
4853, 3458
4853, 3854
4853, 4358
4854, 4458
4855, 4558
4856, 4658
4857, 4758
4859, 4958
4861, 1468
4861, 1864
4861, 4168
4862, 2468
4862, 2864
4862, 4268
4863, 3468
4863, 3864
4863, 4368
4864, 4468
4865, 4568
4866, 4668
4867, 4678
4867, 4768
4867, 4876
4869, 4698
4869, 4896
4869, 4968
4871, 1478
4871, 1874
4871, 4178
4872, 2478
4872, 2874
4872, 4278
4873, 3478
4873, 3874
4873, 4378
4874, 4478
4875, 4578
4876, 4678
4876, 4768
4876, 4867
4877, 4778
4879, 4798
4879, 4897
4879, 4978
4881, 1488
4881, 1884
4881, 4188
4882, 2488
4882, 2884
4882, 4288
4883, 3488
4883, 3884
4883, 4388
4884, 4488
4885, 4588
4886, 4688
4887, 4788
4889, 4988
4891, 1498
4891, 1894
4891, 4198
4892, 2498
4892, 2894
4892, 4298
4893, 3498
4893, 3894
4893, 4398
4894, 4498
4895, 4598
4896, 4698
4896, 4869
4896, 4968
4897, 4798
4897, 4879
4897, 4978
4899, 4998
4901, 1409
4901, 1904
4901, 4109
4902, 2409
4902, 2904
4902, 4209
4903, 3409
4903, 3904
4903, 4309
4904, 4409
4905, 4509
4906, 4609
4907, 4709
4908, 4809
4914, 4419
4916, 4619
4917, 4719
4921, 1429
4921, 1924
4921, 4129
4922, 2429
4922, 2924
4922, 4229
4923, 3429
4923, 3924
4923, 4329
4924, 4429
4925, 4529
4926, 4629
4927, 4729
4928, 4829
4931, 1439
4931, 1934
4931, 4139
4932, 2439
4932, 2934
4932, 4239
4933, 3439
4933, 3934
4933, 4339
4934, 4439
4935, 4539
4936, 4639
4937, 4739
4938, 4839
4941, 1449
4941, 1944
4941, 4149
4942, 2449
4942, 2944
4942, 4249
4943, 3449
4943, 3944
4943, 4349
4944, 4449
4945, 4549
4946, 4649
4947, 4749
4948, 4849
4951, 1459
4951, 1954
4951, 4159
4952, 2459
4952, 2954
4952, 4259
4953, 3459
4953, 3954
4953, 4359
4954, 4459
4955, 4559
4956, 4659
4957, 4759
4958, 4859
4960, 4690
4961, 1469
4961, 1496
4961, 1694
4961, 1964
4961, 4169
4961, 4196
4961, 4691
4962, 2469
4962, 2496
4962, 2694
4962, 2964
4962, 4269
4962, 4296
4962, 4692
4963, 3469
4963, 3496
4963, 3694
4963, 3964
4963, 4369
4963, 4396
4963, 4693
4964, 4469
4964, 4496
4964, 4694
4965, 4569
4965, 4596
4965, 4695
4966, 4669
4966, 4696
4967, 4679
4967, 4697
4967, 4769
4967, 4796
4967, 4976
4968, 4698
4968, 4869
4968, 4896
4969, 4699
4969, 4996
4970, 4790
4971, 1479
4971, 1497
4971, 1794
4971, 1974
4971, 4179
4971, 4197
4971, 4791
4972, 2479
4972, 2497
4972, 2794
4972, 2974
4972, 4279
4972, 4297
4972, 4792
4973, 3479
4973, 3497
4973, 3794
4973, 3974
4973, 4379
4973, 4397
4973, 4793
4974, 4479
4974, 4497
4974, 4794
4975, 4579
4975, 4597
4975, 4795
4976, 4679
4976, 4697
4976, 4769
4976, 4796
4976, 4967
4977, 4779
4977, 4797
4978, 4798
4978, 4879
4978, 4897
4979, 4799
4979, 4997
4981, 1489
4981, 1984
4981, 4189
4982, 2489
4982, 2984
4982, 4289
4983, 3489
4983, 3984
4983, 4389
4984, 4489
4985, 4589
4986, 4689
4987, 4789
4988, 4889
4991, 1499
4991, 1994
4991, 4199
4992, 2499
4992, 2994
4992, 4299
4993, 3499
4993, 3994
4993, 4399
4994, 4499
4995, 4599
4996, 4699
4996, 4969
4997, 4799
4997, 4979
4998, 4899
